/*--------------------------------*- C++ -*----------------------------------*\
| =========                 |                                                 |
| \\      /  F ield         | OpenFOAM: The Open Source CFD Toolbox           |
|  \\    /   O peration     | Version:  v2012                                 |
|   \\  /    A nd           | Website:  www.openfoam.com                      |
|    \\/     M anipulation  |                                                 |
\*---------------------------------------------------------------------------*/
FoamFile
{
    version     2.0;
    format      ascii;
    class       Cloud<passiveParticle>;
    location    "0.0003/lagrangian/DTRMCloud";
    object      positions;
}
// * * * * * * * * * * * * * * * * * * * * * * * * * * * * * * * * * * * * * //

1500
(
(0.000200866 0.000201142 0.00014) 166040
(0.000201002 0.000201024 0.00014) 166040
(0.000201123 0.000200891 0.00014) 166040
(0.000201226 0.000200743 0.00014) 166040
(0.000201309 0.000200583 0.00014) 166040
(0.000201372 0.000200415 0.00014) 166040
(0.000201413 0.00020024 0.00014) 166040
(0.000201432 0.000200061 0.00014) 166040
(0.000201428 0.00019988 0.00014) 165940
(0.000201402 0.000199702 0.00014) 165940
(0.000201354 0.000199529 0.00014) 165940
(0.000201284 0.000199363 0.00014) 165940
(0.000201194 0.000199207 0.00014) 165940
(0.000201085 0.000199064 0.00014) 165940
(0.000200959 0.000198935 0.00014) 165940
(0.000200818 0.000198823 0.00014) 165940
(0.000200664 0.00019873 0.00014) 165940
(0.0002005 0.000198657 0.00014) 165940
(0.000200328 0.000198605 0.00014) 165940
(0.00020015 0.000198574 0.00014) 165940
(0.000199971 0.000198567 0.00014) 165939
(0.000199791 0.000198582 0.00014) 165939
(0.000199615 0.000198619 0.00014) 165939
(0.000199445 0.000198678 0.00014) 165939
(0.000199284 0.000198758 0.00014) 165939
(0.000199134 0.000198858 0.00014) 165939
(0.000198997 0.000198975 0.00014) 165939
(0.000198877 0.000199109 0.00014) 165939
(0.000198774 0.000199257 0.00014) 165939
(0.000198691 0.000199417 0.00014) 165939
(0.000198628 0.000199585 0.00014) 165939
(0.000198587 0.00019976 0.00014) 165939
(0.000198568 0.00019994 0.00014) 165939
(0.000198572 0.000200119 0.00014) 166039
(0.000198598 0.000200297 0.00014) 166039
(0.000198646 0.000200471 0.00014) 166039
(0.000198716 0.000200637 0.00014) 166039
(0.000198806 0.000200793 0.00014) 166039
(0.000198915 0.000200936 0.00014) 166039
(0.000199041 0.000201065 0.00014) 166039
(0.000199182 0.000201177 0.00014) 166039
(0.000199336 0.00020127 0.00014) 166039
(0.0001995 0.000201343 0.00014) 166039
(0.000199672 0.000201395 0.00014) 166039
(0.00019985 0.000201425 0.00014) 166039
(0.00020003 0.000201433 0.00014) 166040
(0.000200209 0.000201418 0.00014) 166040
(0.000200385 0.000201381 0.00014) 166040
(0.000200555 0.000201322 0.00014) 166040
(0.000200716 0.000201242 0.00014) 166040
(0.000202599 0.000203426 0.00014) 166040
(0.000203007 0.000203073 0.00014) 166040
(0.000203369 0.000202672 0.00014) 166040
(0.000203677 0.000202229 0.00014) 166040
(0.000203927 0.00020175 0.00014) 166040
(0.000204116 0.000201244 0.00014) 166040
(0.00020424 0.000200719 0.00014) 166040
(0.000204296 0.000200182 0.00014) 166040
(0.000204285 0.000199642 0.00014) 165940
(0.000204206 0.000199107 0.00014) 165940
(0.000204061 0.000198587 0.00014) 165940
(0.000203852 0.000198089 0.00014) 165940
(0.000203582 0.000197622 0.00014) 165940
(0.000203256 0.000197191 0.00014) 165940
(0.000202878 0.000196805 0.00014) 165940
(0.000202455 0.00019647 0.00014) 165940
(0.000201994 0.00019619 0.00014) 165940
(0.0002015 0.00019597 0.00014) 165940
(0.000200983 0.000195814 0.00014) 165940
(0.000200451 0.000195724 0.00014) 165940
(0.000199912 0.000195701 0.00014) 165939
(0.000199373 0.000195746 0.00014) 165939
(0.000198845 0.000195858 0.00014) 165939
(0.000198335 0.000196035 0.00014) 165939
(0.000197851 0.000196275 0.00014) 165939
(0.000197401 0.000196574 0.00014) 165939
(0.000196992 0.000196927 0.00014) 165939
(0.000196631 0.000197328 0.00014) 165939
(0.000196322 0.000197771 0.00014) 165939
(0.000196072 0.00019825 0.00014) 165939
(0.000195884 0.000198756 0.00014) 165939
(0.000195761 0.000199282 0.00014) 165939
(0.000195704 0.000199819 0.00014) 165939
(0.000195715 0.000200358 0.00014) 166039
(0.000195794 0.000200893 0.00014) 166039
(0.000195939 0.000201413 0.00014) 166039
(0.000196148 0.000201911 0.00014) 166039
(0.000196418 0.000202378 0.00014) 166039
(0.000196744 0.000202809 0.00014) 166039
(0.000197122 0.000203195 0.00014) 166039
(0.000197545 0.00020353 0.00014) 166039
(0.000198007 0.00020381 0.00014) 166039
(0.0001985 0.00020403 0.00014) 166039
(0.000199017 0.000204186 0.00014) 166039
(0.000199549 0.000204276 0.00014) 166039
(0.000200089 0.000204299 0.00014) 166040
(0.000200627 0.000204254 0.00014) 166040
(0.000201155 0.000204142 0.00014) 166040
(0.000201665 0.000203965 0.00014) 166040
(0.000202149 0.000203725 0.00014) 166040
(0.000204331 0.00020571 0.00014) 166140
(0.000205013 0.000205122 0.00014) 166141
(0.000205615 0.000204453 0.00014) 166041
(0.000206129 0.000203715 0.00014) 166041
(0.000206546 0.000202917 0.00014) 166041
(0.00020686 0.000202074 0.00014) 166041
(0.000207066 0.000201198 0.00014) 166041
(0.00020716 0.000200302 0.00014) 166041
(0.000207142 0.000199403 0.00014) 165941
(0.000207011 0.000198512 0.00014) 165941
(0.000206769 0.000197645 0.00014) 165941
(0.00020642 0.000196815 0.00014) 165941
(0.000205971 0.000196036 0.00014) 165941
(0.000205427 0.000195319 0.00014) 165941
(0.000204797 0.000194676 0.00014) 165840
(0.000204092 0.000194117 0.00014) 165840
(0.000203322 0.00019365 0.00014) 165840
(0.0002025 0.000193284 0.00014) 165840
(0.000201639 0.000193023 0.00014) 165840
(0.000200752 0.000192873 0.00014) 165840
(0.000199852 0.000192835 0.00014) 165839
(0.000198956 0.00019291 0.00014) 165839
(0.000198075 0.000193097 0.00014) 165839
(0.000197225 0.000193393 0.00014) 165839
(0.000196419 0.000193792 0.00014) 165839
(0.000195669 0.00019429 0.00014) 165839
(0.000194988 0.000194878 0.00014) 165838
(0.000194385 0.000195547 0.00014) 165938
(0.000193871 0.000196285 0.00014) 165938
(0.000193454 0.000197083 0.00014) 165938
(0.00019314 0.000197926 0.00014) 165938
(0.000192934 0.000198802 0.00014) 165938
(0.00019284 0.000199697 0.00014) 165938
(0.000192858 0.000200597 0.00014) 166038
(0.000192989 0.000201488 0.00014) 166038
(0.000193231 0.000202355 0.00014) 166038
(0.00019358 0.000203184 0.00014) 166038
(0.000194029 0.000203964 0.00014) 166038
(0.000194573 0.000204681 0.00014) 166038
(0.000195203 0.000205324 0.00014) 166139
(0.000195908 0.000205884 0.00014) 166139
(0.000196678 0.00020635 0.00014) 166139
(0.0001975 0.000206716 0.00014) 166139
(0.000198361 0.000206977 0.00014) 166139
(0.000199248 0.000207127 0.00014) 166139
(0.000200148 0.000207165 0.00014) 166140
(0.000201045 0.00020709 0.00014) 166140
(0.000201925 0.000206903 0.00014) 166140
(0.000202775 0.000206608 0.00014) 166140
(0.000203581 0.000206208 0.00014) 166140
(0.000206063 0.000207994 0.00014) 166141
(0.000207018 0.000207171 0.00014) 166141
(0.000207861 0.000206235 0.00014) 166141
(0.00020858 0.0002052 0.00014) 166141
(0.000209164 0.000204084 0.00014) 166041
(0.000209604 0.000202903 0.00014) 166041
(0.000209892 0.000201677 0.00014) 166041
(0.000210024 0.000200423 0.00014) 166042
(0.000209998 0.000199164 0.00014) 165941
(0.000209815 0.000197917 0.00014) 165941
(0.000209476 0.000196704 0.00014) 165941
(0.000208988 0.000195542 0.00014) 165941
(0.000208359 0.00019445 0.00014) 165841
(0.000207597 0.000193447 0.00014) 165841
(0.000206716 0.000192546 0.00014) 165841
(0.000205729 0.000191763 0.00014) 165841
(0.000204651 0.00019111 0.00014) 165840
(0.0002035 0.000190597 0.00014) 165840
(0.000202294 0.000190232 0.00014) 165840
(0.000201052 0.000190022 0.00014) 165840
(0.000199793 0.000189969 0.00014) 165739
(0.000198538 0.000190074 0.00014) 165839
(0.000197305 0.000190335 0.00014) 165839
(0.000196115 0.000190749 0.00014) 165839
(0.000194986 0.000191309 0.00014) 165838
(0.000193937 0.000192006 0.00014) 165838
(0.000192983 0.000192829 0.00014) 165838
(0.000192139 0.000193765 0.00014) 165838
(0.00019142 0.0001948 0.00014) 165838
(0.000190835 0.000195916 0.00014) 165938
(0.000190396 0.000197097 0.00014) 165938
(0.000190108 0.000198323 0.00014) 165938
(0.000189976 0.000199576 0.00014) 165937
(0.000190002 0.000200836 0.00014) 166038
(0.000190185 0.000202083 0.00014) 166038
(0.000190524 0.000203296 0.00014) 166038
(0.000191012 0.000204458 0.00014) 166038
(0.000191641 0.00020555 0.00014) 166138
(0.000192403 0.000206553 0.00014) 166138
(0.000193284 0.000207454 0.00014) 166138
(0.000194271 0.000208237 0.00014) 166138
(0.000195349 0.00020889 0.00014) 166139
(0.0001965 0.000209403 0.00014) 166139
(0.000197706 0.000209767 0.00014) 166139
(0.000198948 0.000209978 0.00014) 166139
(0.000200207 0.000210031 0.00014) 166240
(0.000201462 0.000209926 0.00014) 166140
(0.000202695 0.000209665 0.00014) 166140
(0.000203885 0.000209251 0.00014) 166140
(0.000205014 0.000208691 0.00014) 166141
(0.000207796 0.000210278 0.00014) 166241
(0.000209022 0.00020922 0.00014) 166141
(0.000210107 0.000208016 0.00014) 166142
(0.000211032 0.000206686 0.00014) 166142
(0.000211783 0.000205251 0.00014) 166142
(0.000212348 0.000203733 0.00014) 166042
(0.000212719 0.000202156 0.00014) 166042
(0.000212889 0.000200545 0.00014) 166042
(0.000212855 0.000198925 0.00014) 165942
(0.000212619 0.000197322 0.00014) 165942
(0.000212184 0.000195762 0.00014) 165942
(0.000211557 0.000194268 0.00014) 165842
(0.000210747 0.000192865 0.00014) 165842
(0.000209768 0.000191574 0.00014) 165841
(0.000208635 0.000190416 0.00014) 165841
(0.000207366 0.000189409 0.00014) 165741
(0.00020598 0.00018857 0.00014) 165741
(0.000204501 0.000187911 0.00014) 165740
(0.00020295 0.000187442 0.00014) 165740
(0.000201353 0.000187171 0.00014) 165740
(0.000199734 0.000187103 0.00014) 165739
(0.00019812 0.000187238 0.00014) 165739
(0.000196535 0.000187574 0.00014) 165739
(0.000195005 0.000188106 0.00014) 165739
(0.000193554 0.000188826 0.00014) 165738
(0.000192204 0.000189722 0.00014) 165738
(0.000190977 0.00019078 0.00014) 165838
(0.000189893 0.000191984 0.00014) 165837
(0.000188968 0.000193314 0.00014) 165837
(0.000188217 0.000194749 0.00014) 165837
(0.000187652 0.000196268 0.00014) 165937
(0.000187282 0.000197845 0.00014) 165937
(0.000187112 0.000199456 0.00014) 165937
(0.000187145 0.000201075 0.00014) 166037
(0.000187381 0.000202678 0.00014) 166037
(0.000187816 0.000204238 0.00014) 166037
(0.000188443 0.000205732 0.00014) 166137
(0.000189253 0.000207135 0.00014) 166137
(0.000190232 0.000208426 0.00014) 166138
(0.000191365 0.000209584 0.00014) 166138
(0.000192634 0.00021059 0.00014) 166238
(0.00019402 0.00021143 0.00014) 166238
(0.000195499 0.000212089 0.00014) 172239
(0.00019705 0.000212558 0.00014) 172239
(0.000198647 0.000212829 0.00014) 166239
(0.000200266 0.000212897 0.00014) 166240
(0.00020188 0.000212762 0.00014) 166240
(0.000203465 0.000212426 0.00014) 166240
(0.000204995 0.000211894 0.00014) 166240
(0.000206446 0.000211174 0.00014) 166241
(0.000209528 0.000212562 0.00014) 166241
(0.000211028 0.000211269 0.00014) 166242
(0.000212353 0.000209798 0.00014) 166142
(0.000213483 0.000208172 0.00014) 166142
(0.000214401 0.000206418 0.00014) 166142
(0.000215092 0.000204562 0.00014) 166043
(0.000215545 0.000202635 0.00014) 166043
(0.000215753 0.000200666 0.00014) 166043
(0.000215712 0.000198686 0.00014) 165943
(0.000215423 0.000196727 0.00014) 165943
(0.000214891 0.00019482 0.00014) 165842
(0.000214125 0.000192995 0.00014) 165842
(0.000213135 0.000191279 0.00014) 165842
(0.000211939 0.000189702 0.00014) 165742
(0.000210554 0.000188287 0.00014) 165742
(0.000209002 0.000187056 0.00014) 165741
(0.000207309 0.00018603 0.00014) 165741
(0.000205501 0.000185224 0.00014) 165741
(0.000203605 0.000184651 0.00014) 165640
(0.000201653 0.00018432 0.00014) 165640
(0.000199675 0.000184237 0.00014) 165639
(0.000197702 0.000184402 0.00014) 171639
(0.000195765 0.000184813 0.00014) 171639
(0.000193895 0.000185463 0.00014) 165738
(0.000192121 0.000186343 0.00014) 165738
(0.000190472 0.000187438 0.00014) 165738
(0.000188972 0.000188731 0.00014) 165737
(0.000187647 0.000190202 0.00014) 165837
(0.000186516 0.000191828 0.00014) 165837
(0.000185599 0.000193582 0.00014) 165837
(0.000184908 0.000195438 0.00014) 165936
(0.000184455 0.000197365 0.00014) 165936
(0.000184247 0.000199334 0.00014) 165936
(0.000184288 0.000201314 0.00014) 166036
(0.000184577 0.000203273 0.00014) 166036
(0.000185109 0.00020518 0.00014) 166137
(0.000185875 0.000207006 0.00014) 166137
(0.000186865 0.000208721 0.00014) 166137
(0.000188061 0.000210298 0.00014) 166237
(0.000189446 0.000211714 0.00014) 166237
(0.000190997 0.000212944 0.00014) 166238
(0.000192691 0.00021397 0.00014) 166238
(0.000194499 0.000214776 0.00014) 166238
(0.000196394 0.000215349 0.00014) 166339
(0.000198347 0.00021568 0.00014) 166339
(0.000200325 0.000215763 0.00014) 166340
(0.000202298 0.000215598 0.00014) 166340
(0.000204235 0.000215187 0.00014) 166340
(0.000206105 0.000214537 0.00014) 166241
(0.000207879 0.000213657 0.00014) 166241
(0.000211261 0.000214846 0.00014) 166242
(0.000213033 0.000213317 0.00014) 166242
(0.000214599 0.000211579 0.00014) 166242
(0.000215935 0.000209658 0.00014) 166143
(0.00021702 0.000207585 0.00014) 166143
(0.000217836 0.000205392 0.00014) 166143
(0.000218371 0.000203113 0.00014) 166043
(0.000218617 0.000200787 0.00014) 166043
(0.000218569 0.000198447 0.00014) 165943
(0.000218228 0.000196132 0.00014) 165943
(0.000217599 0.000193878 0.00014) 165843
(0.000216693 0.00019172 0.00014) 165843
(0.000215523 0.000189694 0.00014) 165743
(0.000214109 0.000187829 0.00014) 165742
(0.000212473 0.000186157 0.00014) 165742
(0.000210639 0.000184703 0.00014) 165642
(0.000208638 0.00018349 0.00014) 165641
(0.000206501 0.000182537 0.00014) 165641
(0.000204261 0.00018186 0.00014) 165640
(0.000201954 0.000181469 0.00014) 165640
(0.000199616 0.000181371 0.00014) 165639
(0.000197284 0.000181566 0.00014) 165639
(0.000194995 0.000182051 0.00014) 165638
(0.000192785 0.00018282 0.00014) 165638
(0.000190689 0.00018386 0.00014) 165638
(0.000188739 0.000185154 0.00014) 165737
(0.000186967 0.000186683 0.00014) 165737
(0.000185401 0.000188421 0.00014) 165737
(0.000184065 0.000190342 0.00014) 165836
(0.00018298 0.000192415 0.00014) 165836
(0.000182164 0.000194608 0.00014) 165836
(0.000181629 0.000196886 0.00014) 165936
(0.000181383 0.000199213 0.00014) 165936
(0.000181432 0.000201553 0.00014) 166036
(0.000181773 0.000203868 0.00014) 166036
(0.000182401 0.000206122 0.00014) 166136
(0.000183307 0.000208279 0.00014) 166136
(0.000184476 0.000210306 0.00014) 166236
(0.000185891 0.000212171 0.00014) 166237
(0.000187527 0.000213843 0.00014) 166237
(0.000189361 0.000215297 0.00014) 166337
(0.000191362 0.00021651 0.00014) 166338
(0.000193499 0.000217463 0.00014) 172338
(0.000195739 0.00021814 0.00014) 166339
(0.000198046 0.000218531 0.00014) 166339
(0.000200384 0.000218629 0.00014) 166340
(0.000202716 0.000218434 0.00014) 166340
(0.000205005 0.000217949 0.00014) 166341
(0.000207215 0.00021718 0.00014) 166341
(0.000209311 0.00021614 0.00014) 166341
(0.000212993 0.00021713 0.00014) 166342
(0.000215038 0.000215366 0.00014) 166343
(0.000216845 0.00021336 0.00014) 166243
(0.000218387 0.000211144 0.00014) 166243
(0.000219638 0.000208751 0.00014) 166143
(0.00022058 0.000206221 0.00014) 166144
(0.000221198 0.000203593 0.00014) 166044
(0.000221481 0.000200908 0.00014) 166044
(0.000221425 0.000198208 0.00014) 165944
(0.000221032 0.000195537 0.00014) 165944
(0.000220306 0.000192936 0.00014) 165844
(0.000219261 0.000190447 0.00014) 165843
(0.000217912 0.000188108 0.00014) 165743
(0.00021628 0.000185957 0.00014) 165743
(0.000214392 0.000184027 0.00014) 165642
(0.000212276 0.000182349 0.00014) 165642
(0.000209967 0.00018095 0.00014) 165641
(0.000207501 0.000179851 0.00014) 165541
(0.000204917 0.00017907 0.00014) 165540
(0.000202255 0.000178619 0.00014) 165540
(0.000199557 0.000178505 0.00014) 165539
(0.000196866 0.00017873 0.00014) 165539
(0.000194225 0.00017929 0.00014) 165538
(0.000191675 0.000180177 0.00014) 165638
(0.000189256 0.000181377 0.00014) 165637
(0.000187007 0.00018287 0.00014) 165637
(0.000184962 0.000184634 0.00014) 165636
(0.000183155 0.00018664 0.00014) 165736
(0.000181613 0.000188856 0.00014) 165736
(0.000180362 0.000191249 0.00014) 165836
(0.00017942 0.000193779 0.00014) 165835
(0.000178802 0.000196407 0.00014) 165935
(0.000178519 0.000199093 0.00014) 165935
(0.000178575 0.000201792 0.00014) 166035
(0.000178968 0.000204463 0.00014) 166035
(0.000179694 0.000207064 0.00014) 166135
(0.000180739 0.000209553 0.00014) 166136
(0.000182088 0.000211892 0.00014) 166236
(0.00018372 0.000214043 0.00014) 166236
(0.000185608 0.000215973 0.00014) 166337
(0.000187724 0.000217651 0.00014) 166337
(0.000190033 0.00021905 0.00014) 166338
(0.000192499 0.000220149 0.00014) 166438
(0.000195084 0.00022093 0.00014) 166439
(0.000197745 0.000221381 0.00014) 166439
(0.000200443 0.000221495 0.00014) 166440
(0.000203134 0.00022127 0.00014) 166440
(0.000205775 0.00022071 0.00014) 166441
(0.000208325 0.000219823 0.00014) 166341
(0.000210744 0.000218623 0.00014) 166342
(0.000214726 0.000219414 0.00014) 166342
(0.000217043 0.000217415 0.00014) 166343
(0.000219091 0.000215142 0.00014) 166343
(0.000220838 0.00021263 0.00014) 166244
(0.000222257 0.000209918 0.00014) 166144
(0.000223324 0.000207051 0.00014) 166144
(0.000224024 0.000204072 0.00014) 166044
(0.000224345 0.000201029 0.00014) 166044
(0.000224282 0.000197969 0.00014) 165944
(0.000223836 0.000194942 0.00014) 165844
(0.000223014 0.000191994 0.00014) 165844
(0.000221829 0.000189173 0.00014) 165744
(0.0002203 0.000186522 0.00014) 165744
(0.000218451 0.000184084 0.00014) 165643
(0.00021631 0.000181897 0.00014) 165643
(0.000213913 0.000179996 0.00014) 165542
(0.000211296 0.00017841 0.00014) 165542
(0.000208501 0.000177164 0.00014) 165541
(0.000205572 0.000176279 0.00014) 165541
(0.000202555 0.000175768 0.00014) 165540
(0.000199498 0.000175638 0.00014) 165539
(0.000196448 0.000175893 0.00014) 165539
(0.000193455 0.000176529 0.00014) 165538
(0.000190565 0.000177534 0.00014) 165538
(0.000187824 0.000178894 0.00014) 165537
(0.000185274 0.000180586 0.00014) 165637
(0.000182957 0.000182585 0.00014) 165636
(0.000180909 0.000184858 0.00014) 165636
(0.000179162 0.00018737 0.00014) 165735
(0.000177743 0.000190082 0.00014) 165835
(0.000176676 0.000192949 0.00014) 165835
(0.000175976 0.000195928 0.00014) 165935
(0.000175655 0.000198971 0.00014) 165935
(0.000175718 0.000202031 0.00014) 166035
(0.000176164 0.000205058 0.00014) 166135
(0.000176986 0.000208006 0.00014) 166135
(0.000178171 0.000210827 0.00014) 166235
(0.0001797 0.000213477 0.00014) 166235
(0.000181549 0.000215915 0.00014) 166336
(0.000183689 0.000218102 0.00014) 166336
(0.000186087 0.000220004 0.00014) 166437
(0.000188704 0.00022159 0.00014) 166437
(0.000191499 0.000222836 0.00014) 166438
(0.000194428 0.000223721 0.00014) 166438
(0.000197445 0.000224233 0.00014) 166439
(0.000200502 0.000224361 0.00014) 166440
(0.000203551 0.000224106 0.00014) 166440
(0.000206545 0.000223471 0.00014) 166441
(0.000209435 0.000222466 0.00014) 166441
(0.000212176 0.000221106 0.00014) 166442
(0.000216458 0.000221698 0.00014) 166443
(0.000219048 0.000219464 0.00014) 166343
(0.000221337 0.000216923 0.00014) 166344
(0.000223289 0.000214115 0.00014) 166244
(0.000224875 0.000211085 0.00014) 166244
(0.000226068 0.00020788 0.00014) 166145
(0.00022685 0.000204551 0.00014) 166045
(0.000227209 0.00020115 0.00014) 166045
(0.000227139 0.00019773 0.00014) 165945
(0.00022664 0.000194347 0.00014) 165845
(0.000225721 0.000191052 0.00014) 165845
(0.000224398 0.000187899 0.00014) 165744
(0.000222688 0.000184937 0.00014) 165644
(0.000220622 0.000182212 0.00014) 165644
(0.000218229 0.000179768 0.00014) 165543
(0.00021555 0.000177643 0.00014) 165543
(0.000212625 0.00017587 0.00014) 165542
(0.000209501 0.000174478 0.00014) 165441
(0.000206228 0.000173488 0.00014) 165441
(0.000202856 0.000172917 0.00014) 165440
(0.000199439 0.000172772 0.00014) 165439
(0.000196031 0.000173058 0.00014) 165439
(0.000192685 0.000173767 0.00014) 165438
(0.000189455 0.000174891 0.00014) 165437
(0.000186391 0.000176411 0.00014) 165537
(0.000183542 0.000178302 0.00014) 165536
(0.000180952 0.000180536 0.00014) 165636
(0.000178663 0.000183077 0.00014) 165635
(0.00017671 0.000185884 0.00014) 165735
(0.000175125 0.000188915 0.00014) 165735
(0.000173931 0.00019212 0.00014) 165834
(0.00017315 0.000195449 0.00014) 165934
(0.000172791 0.00019885 0.00014) 165934
(0.000172861 0.00020227 0.00014) 166034
(0.00017336 0.000205653 0.00014) 166134
(0.000174278 0.000208947 0.00014) 166134
(0.000175603 0.000212101 0.00014) 166235
(0.000177312 0.000215063 0.00014) 166335
(0.000179379 0.000217788 0.00014) 166335
(0.000181771 0.000220232 0.00014) 166436
(0.00018445 0.000222357 0.00014) 166436
(0.000187375 0.00022413 0.00014) 166437
(0.000190499 0.000225522 0.00014) 166538
(0.000193773 0.000226512 0.00014) 166538
(0.000197144 0.000227083 0.00014) 166539
(0.000200561 0.000227228 0.00014) 166540
(0.000203969 0.000226943 0.00014) 166540
(0.000207315 0.000226233 0.00014) 166541
(0.000210545 0.000225109 0.00014) 166542
(0.000213609 0.000223589 0.00014) 166442
(0.00021819 0.000223982 0.00014) 166443
(0.000221053 0.000221513 0.00014) 166444
(0.000223583 0.000218704 0.00014) 166344
(0.000225741 0.000215601 0.00014) 166345
(0.000227494 0.000212252 0.00014) 166245
(0.000228812 0.00020871 0.00014) 166145
(0.000229677 0.00020503 0.00014) 166145
(0.000230073 0.000201271 0.00014) 166046
(0.000229995 0.000197491 0.00014) 165945
(0.000229444 0.000193752 0.00014) 165845
(0.000228429 0.000190111 0.00014) 165845
(0.000226965 0.000186626 0.00014) 165745
(0.000225077 0.000183351 0.00014) 165645
(0.000222792 0.00018034 0.00014) 165644
(0.000220148 0.000177638 0.00014) 165544
(0.000217187 0.000175289 0.00014) 165543
(0.000213954 0.00017333 0.00014) 165442
(0.000210501 0.000171791 0.00014) 165442
(0.000206883 0.000170698 0.00014) 165441
(0.000203156 0.000170066 0.00014) 165440
(0.00019938 0.000169907 0.00014) 165339
(0.000195613 0.000170221 0.00014) 165439
(0.000191915 0.000171006 0.00014) 165438
(0.000188345 0.000172248 0.00014) 165437
(0.000184959 0.000173928 0.00014) 165436
(0.00018181 0.000176018 0.00014) 165536
(0.000178947 0.000178487 0.00014) 165535
(0.000176417 0.000181296 0.00014) 165635
(0.000174259 0.000184399 0.00014) 165634
(0.000172506 0.000187748 0.00014) 165734
(0.000171188 0.000191291 0.00014) 165834
(0.000170323 0.00019497 0.00014) 165834
(0.000169927 0.00019873 0.00014) 165933
(0.000170005 0.000202509 0.00014) 166034
(0.000170556 0.000206248 0.00014) 166134
(0.000171571 0.000209889 0.00014) 166134
(0.000173035 0.000213375 0.00014) 166234
(0.000174924 0.000216649 0.00014) 166334
(0.000177208 0.00021966 0.00014) 166335
(0.000179852 0.000222362 0.00014) 166435
(0.000182813 0.000224711 0.00014) 166436
(0.000186046 0.00022667 0.00014) 166537
(0.000189499 0.000228209 0.00014) 166537
(0.000193117 0.000229302 0.00014) 166538
(0.000196844 0.000229934 0.00014) 166539
(0.00020062 0.000230094 0.00014) 166640
(0.000204387 0.000229779 0.00014) 166540
(0.000208085 0.000228994 0.00014) 166541
(0.000211655 0.000227752 0.00014) 166542
(0.000215041 0.000226072 0.00014) 166543
(0.000219923 0.000226266 0.00014) 166543
(0.000223058 0.000223562 0.00014) 166444
(0.000225829 0.000220486 0.00014) 166445
(0.000228193 0.000217087 0.00014) 166345
(0.000230112 0.000213419 0.00014) 166246
(0.000231556 0.000209539 0.00014) 166146
(0.000232503 0.000205509 0.00014) 166146
(0.000232937 0.000201392 0.00014) 166046
(0.000232852 0.000197252 0.00014) 165946
(0.000232248 0.000193156 0.00014) 165846
(0.000231137 0.000189169 0.00014) 165746
(0.000229534 0.000185352 0.00014) 165745
(0.000227465 0.000181766 0.00014) 165645
(0.000224963 0.000178467 0.00014) 165544
(0.000222067 0.000175508 0.00014) 165544
(0.000218823 0.000172936 0.00014) 165443
(0.000215283 0.00017079 0.00014) 165443
(0.000211502 0.000169105 0.00014) 165342
(0.000207539 0.000167907 0.00014) 165341
(0.000203457 0.000167215 0.00014) 165340
(0.000199321 0.00016704 0.00014) 165339
(0.000195195 0.000167385 0.00014) 165339
(0.000191145 0.000168245 0.00014) 165338
(0.000187235 0.000169605 0.00014) 165337
(0.000183526 0.000171444 0.00014) 165436
(0.000180077 0.000173734 0.00014) 165436
(0.000176943 0.000176439 0.00014) 165535
(0.000174171 0.000179514 0.00014) 165534
(0.000171807 0.000182913 0.00014) 165634
(0.000169888 0.000186581 0.00014) 165733
(0.000168444 0.000190461 0.00014) 165833
(0.000167497 0.000194491 0.00014) 165833
(0.000167063 0.000198608 0.00014) 165933
(0.000167148 0.000202748 0.00014) 166033
(0.000167751 0.000206843 0.00014) 166133
(0.000168863 0.000210831 0.00014) 166233
(0.000170466 0.000214648 0.00014) 166234
(0.000172535 0.000218234 0.00014) 166334
(0.000175037 0.000221533 0.00014) 166435
(0.000177933 0.000224492 0.00014) 166435
(0.000181176 0.000227064 0.00014) 166536
(0.000184717 0.00022921 0.00014) 166536
(0.000188498 0.000230895 0.00014) 166637
(0.000192461 0.000232093 0.00014) 166638
(0.000196543 0.000232785 0.00014) 166639
(0.000200679 0.00023296 0.00014) 166640
(0.000204805 0.000232614 0.00014) 166640
(0.000208855 0.000231755 0.00014) 166641
(0.000212765 0.000230395 0.00014) 166642
(0.000216474 0.000228556 0.00014) 166543
(0.000221655 0.00022855 0.00014) 166544
(0.000225063 0.00022561 0.00014) 166545
(0.000228075 0.000222267 0.00014) 166445
(0.000230645 0.000218573 0.00014) 166346
(0.000232731 0.000214586 0.00014) 166246
(0.000234301 0.000210369 0.00014) 166246
(0.00023533 0.000205988 0.00014) 166147
(0.000235801 0.000201513 0.00014) 172047
(0.000235709 0.000197014 0.00014) 165947
(0.000235053 0.000192562 0.00014) 165847
(0.000233844 0.000188227 0.00014) 165746
(0.000232101 0.000184078 0.00014) 165646
(0.000229853 0.00018018 0.00014) 165645
(0.000227134 0.000176595 0.00014) 165545
(0.000223986 0.000173379 0.00014) 165444
(0.00022046 0.000170582 0.00014) 165444
(0.000216612 0.00016825 0.00014) 165343
(0.000212502 0.000166418 0.00014) 165342
(0.000208194 0.000165116 0.00014) 165341
(0.000203758 0.000164364 0.00014) 165240
(0.000199262 0.000164174 0.00014) 165239
(0.000194777 0.000164549 0.00014) 165238
(0.000190375 0.000165483 0.00014) 165338
(0.000186125 0.000166962 0.00014) 165337
(0.000182094 0.000168961 0.00014) 165336
(0.000178345 0.00017145 0.00014) 165435
(0.000174937 0.00017439 0.00014) 165434
(0.000171925 0.000177733 0.00014) 165534
(0.000169356 0.000181427 0.00014) 165633
(0.00016727 0.000185414 0.00014) 165733
(0.0001657 0.000189632 0.00014) 165733
(0.000164671 0.000194012 0.00014) 165832
(0.000164199 0.000198487 0.00014) 165932
(0.000164291 0.000202986 0.00014) 166032
(0.000164947 0.000207438 0.00014) 166132
(0.000166156 0.000211773 0.00014) 166233
(0.000167898 0.000215922 0.00014) 166333
(0.000170147 0.00021982 0.00014) 166334
(0.000172866 0.000223405 0.00014) 166434
(0.000176014 0.000226621 0.00014) 166535
(0.00017954 0.000229418 0.00014) 166535
(0.000183388 0.00023175 0.00014) 166636
(0.000187498 0.000233582 0.00014) 166637
(0.000191806 0.000234884 0.00014) 166638
(0.000196242 0.000235636 0.00014) 166739
(0.000200738 0.000235826 0.00014) 166740
(0.000205223 0.000235451 0.00014) 166741
(0.000209625 0.000234517 0.00014) 166641
(0.000213875 0.000233038 0.00014) 166642
(0.000217906 0.000231039 0.00014) 166643
(0.000223388 0.000230834 0.00014) 166644
(0.000227068 0.000227659 0.00014) 166545
(0.000230321 0.000224049 0.00014) 166446
(0.000233096 0.000220059 0.00014) 166446
(0.000235349 0.000215753 0.00014) 166347
(0.000237045 0.000211198 0.00014) 166247
(0.000238156 0.000206467 0.00014) 166147
(0.000238666 0.000201634 0.00014) 166047
(0.000238565 0.000196774 0.00014) 165947
(0.000237857 0.000191967 0.00014) 165847
(0.000236551 0.000187285 0.00014) 165747
(0.00023467 0.000182804 0.00014) 165646
(0.000232241 0.000178595 0.00014) 165546
(0.000229304 0.000174723 0.00014) 165445
(0.000225905 0.000171249 0.00014) 165445
(0.000222097 0.000168229 0.00014) 165344
(0.000217941 0.00016571 0.00014) 165343
(0.000213502 0.000163732 0.00014) 165242
(0.00020885 0.000162325 0.00014) 165241
(0.000204058 0.000161513 0.00014) 165240
(0.000199203 0.000161308 0.00014) 165239
(0.000194359 0.000161713 0.00014) 165238
(0.000189605 0.000162722 0.00014) 165237
(0.000185015 0.000164319 0.00014) 165237
(0.000180661 0.000166478 0.00014) 165336
(0.000176612 0.000169166 0.00014) 165335
(0.000172932 0.000172341 0.00014) 165434
(0.000169679 0.000175952 0.00014) 165533
(0.000166904 0.000179941 0.00014) 165533
(0.000164651 0.000184247 0.00014) 165632
(0.000162955 0.000188802 0.00014) 165732
(0.000161844 0.000193533 0.00014) 165832
(0.000161334 0.000198366 0.00014) 165932
(0.000161434 0.000203225 0.00014) 166032
(0.000162143 0.000208034 0.00014) 166132
(0.000163448 0.000212715 0.00014) 166232
(0.00016533 0.000217196 0.00014) 166333
(0.000167759 0.000221405 0.00014) 166433
(0.000170696 0.000225278 0.00014) 166534
(0.000174095 0.000228751 0.00014) 166534
(0.000177903 0.000231771 0.00014) 166635
(0.000182059 0.00023429 0.00014) 166636
(0.000186498 0.000236268 0.00014) 166737
(0.00019115 0.000237675 0.00014) 166738
(0.000195942 0.000238487 0.00014) 166739
(0.000200798 0.000238692 0.00014) 166740
(0.000205641 0.000238287 0.00014) 166741
(0.000210395 0.000237278 0.00014) 166742
(0.000214985 0.000235681 0.00014) 172742
(0.000219339 0.000233522 0.00014) 166643
(0.00022512 0.000233118 0.00014) 172645
(0.000229073 0.000229708 0.00014) 166545
(0.000232567 0.00022583 0.00014) 166546
(0.000235547 0.000221545 0.00014) 166447
(0.000237967 0.000216919 0.00014) 166347
(0.000239789 0.000212027 0.00014) 166247
(0.000240982 0.000206946 0.00014) 166148
(0.00024153 0.000201755 0.00014) 166048
(0.000241422 0.000196536 0.00014) 165948
(0.000240661 0.000191371 0.00014) 165848
(0.000239259 0.000186343 0.00014) 165747
(0.000237238 0.000181531 0.00014) 165647
(0.000234629 0.000177009 0.00014) 165546
(0.000231475 0.00017285 0.00014) 165446
(0.000227824 0.000169119 0.00014) 165345
(0.000223734 0.000165876 0.00014) 171344
(0.00021927 0.00016317 0.00014) 165243
(0.000214502 0.000161045 0.00014) 165242
(0.000209505 0.000159535 0.00014) 165141
(0.000204359 0.000158663 0.00014) 171140
(0.000199143 0.000158442 0.00014) 165139
(0.000193942 0.000158877 0.00014) 165138
(0.000188835 0.000159961 0.00014) 165137
(0.000183905 0.000161676 0.00014) 165236
(0.000179229 0.000163995 0.00014) 165235
(0.00017488 0.000166882 0.00014) 165334
(0.000170927 0.000170292 0.00014) 165434
(0.000167433 0.00017417 0.00014) 165433
(0.000164453 0.000178455 0.00014) 165532
(0.000162033 0.000183081 0.00014) 165632
(0.000160211 0.000187973 0.00014) 165732
(0.000159018 0.000193054 0.00014) 165831
(0.00015847 0.000198246 0.00014) 165931
(0.000158578 0.000203464 0.00014) 166031
(0.000159339 0.000208629 0.00014) 166131
(0.000160741 0.000213657 0.00014) 166232
(0.000162762 0.00021847 0.00014) 166332
(0.00016537 0.000222991 0.00014) 172433
(0.000168525 0.00022715 0.00014) 166533
(0.000172176 0.000230881 0.00014) 166634
(0.000176266 0.000234124 0.00014) 166635
(0.00018073 0.00023683 0.00014) 166736
(0.000185498 0.000238955 0.00014) 166737
(0.000190495 0.000240465 0.00014) 166838
(0.000195641 0.000241338 0.00014) 166839
(0.000200857 0.000241558 0.00014) 166840
(0.000206058 0.000241123 0.00014) 166841
(0.000211165 0.000240039 0.00014) 166842
(0.000216095 0.000238324 0.00014) 166743
(0.000220771 0.000236005 0.00014) 166744
(0.000226852 0.000235401 0.00014) 166745
(0.000231078 0.000231757 0.00014) 166646
(0.000234813 0.000227611 0.00014) 166546
(0.000237999 0.00022303 0.00014) 166447
(0.000240586 0.000218086 0.00014) 166348
(0.000242532 0.000212857 0.00014) 166248
(0.000243808 0.000207425 0.00014) 166148
(0.000244394 0.000201876 0.00014) 166048
(0.000244279 0.000196297 0.00014) 165948
(0.000243465 0.000190776 0.00014) 165848
(0.000241967 0.000185401 0.00014) 165748
(0.000239806 0.000180257 0.00014) 165647
(0.000237018 0.000175424 0.00014) 165547
(0.000233646 0.000170978 0.00014) 165446
(0.000229743 0.00016699 0.00014) 165345
(0.000225371 0.000163522 0.00014) 165245
(0.000220599 0.00016063 0.00014) 165244
(0.000215502 0.000158359 0.00014) 165143
(0.000210161 0.000156744 0.00014) 165142
(0.000204659 0.000155812 0.00014) 171140
(0.000199084 0.000155576 0.00014) 165139
(0.000193524 0.000156041 0.00014) 165138
(0.000188065 0.000157199 0.00014) 165137
(0.000182795 0.000159033 0.00014) 165136
(0.000177796 0.000161512 0.00014) 165235
(0.000173147 0.000164598 0.00014) 165234
(0.000168922 0.000168243 0.00014) 165333
(0.000165187 0.000172389 0.00014) 165433
(0.000162001 0.00017697 0.00014) 165532
(0.000159414 0.000181914 0.00014) 165631
(0.000157467 0.000187143 0.00014) 165731
(0.000156191 0.000192575 0.00014) 171831
(0.000155606 0.000198124 0.00014) 165931
(0.000155721 0.000203703 0.00014) 172031
(0.000156535 0.000209224 0.00014) 166131
(0.000158033 0.000214599 0.00014) 166231
(0.000160194 0.000219743 0.00014) 166332
(0.000162982 0.000224577 0.00014) 166432
(0.000166354 0.000229022 0.00014) 166533
(0.000170257 0.00023301 0.00014) 166634
(0.000174629 0.000236478 0.00014) 166734
(0.000179401 0.00023937 0.00014) 166735
(0.000184498 0.000241641 0.00014) 166836
(0.000189839 0.000243256 0.00014) 166837
(0.000195341 0.000244188 0.00014) 166839
(0.000200916 0.000244424 0.00014) 166840
(0.000206476 0.000243959 0.00014) 166841
(0.000211935 0.000242801 0.00014) 166842
(0.000217205 0.000240967 0.00014) 166843
(0.000222204 0.000238488 0.00014) 166744
(0.000228585 0.000237685 0.00014) 166745
(0.000233083 0.000233806 0.00014) 166646
(0.000237059 0.000229393 0.00014) 166547
(0.000240451 0.000224516 0.00014) 166448
(0.000243204 0.000219253 0.00014) 166348
(0.000245277 0.000213686 0.00014) 172249
(0.000246635 0.000207904 0.00014) 166149
(0.000247258 0.000201997 0.00014) 166049
(0.000247135 0.000196058 0.00014) 165949
(0.00024627 0.000190181 0.00014) 165849
(0.000244674 0.00018446 0.00014) 165648
(0.000242374 0.000178983 0.00014) 165548
(0.000239406 0.000173838 0.00014) 165447
(0.000235816 0.000169105 0.00014) 165347
(0.000231662 0.00016486 0.00014) 165246
(0.000227008 0.000161169 0.00014) 165245
(0.000221928 0.00015809 0.00014) 165144
(0.000216502 0.000155672 0.00014) 165143
(0.000210817 0.000153954 0.00014) 165042
(0.00020496 0.000152961 0.00014) 171040
(0.000199025 0.00015271 0.00014) 165039
(0.000193106 0.000153205 0.00014) 165038
(0.000187295 0.000154438 0.00014) 165037
(0.000181685 0.00015639 0.00014) 165136
(0.000176364 0.000159029 0.00014) 165135
(0.000171415 0.000162315 0.00014) 165234
(0.000166917 0.000166194 0.00014) 165333
(0.000162941 0.000170607 0.00014) 165432
(0.00015955 0.000175484 0.00014) 165531
(0.000156796 0.000180747 0.00014) 165631
(0.000154723 0.000186314 0.00014) 165730
(0.000153365 0.000192096 0.00014) 165830
(0.000152742 0.000198003 0.00014) 165930
(0.000152865 0.000203942 0.00014) 172030
(0.00015373 0.000209819 0.00014) 166130
(0.000155326 0.00021554 0.00014) 166331
(0.000157626 0.000221017 0.00014) 166431
(0.000160594 0.000226162 0.00014) 166532
(0.000164184 0.000230895 0.00014) 166632
(0.000168338 0.00023514 0.00014) 166733
(0.000172992 0.000238831 0.00014) 166734
(0.000178072 0.00024191 0.00014) 166835
(0.000183498 0.000244328 0.00014) 166836
(0.000189184 0.000246047 0.00014) 166937
(0.00019504 0.000247039 0.00014) 166939
(0.000200975 0.00024729 0.00014) 166940
(0.000206894 0.000246795 0.00014) 166941
(0.000212705 0.000245562 0.00014) 166942
(0.000218315 0.00024361 0.00014) 166843
(0.000223636 0.000240971 0.00014) 166844
(0.000230317 0.000239969 0.00014) 166746
(0.000235088 0.000235854 0.00014) 166747
(0.000239305 0.000231174 0.00014) 166647
(0.000242902 0.000226002 0.00014) 172548
(0.000245823 0.00022042 0.00014) 166449
(0.000248021 0.000214516 0.00014) 172249
(0.000249461 0.000208383 0.00014) 166149
(0.000249992 0.000195819 0.00014) 165949
(0.000249074 0.000189586 0.00014) 165749
(0.000247382 0.000183518 0.00014) 171649
(0.000244942 0.000177709 0.00014) 165548
(0.000241794 0.000172252 0.00014) 165448
(0.000237987 0.000167233 0.00014) 165347
(0.000233581 0.00016273 0.00014) 165246
(0.000228645 0.000158815 0.00014) 165145
(0.000223257 0.00015555 0.00014) 165144
(0.000217503 0.000152986 0.00014) 165043
(0.000211472 0.000151163 0.00014) 171042
(0.00020526 0.00015011 0.00014) 165041
(0.000198966 0.000149844 0.00014) 164939
(0.000192688 0.000150369 0.00014) 165038
(0.000186525 0.000151677 0.00014) 165037
(0.000180575 0.000153747 0.00014) 165036
(0.000174931 0.000156546 0.00014) 165134
(0.000169683 0.000160031 0.00014) 165233
(0.000164912 0.000164146 0.00014) 165232
(0.000160695 0.000168826 0.00014) 165332
(0.000157098 0.000173998 0.00014) 171431
(0.000154177 0.00017958 0.00014) 165530
(0.000151979 0.000185484 0.00014) 165730
(0.000150539 0.000191617 0.00014) 171830
(0.000149878 0.000197882 0.00014) 165929
(0.000150008 0.000204181 0.00014) 172030
(0.000150926 0.000210414 0.00014) 166230
(0.000152618 0.000216482 0.00014) 166330
(0.000155058 0.000222291 0.00014) 166431
(0.000158206 0.000227748 0.00014) 166531
(0.000162013 0.000232767 0.00014) 166632
(0.000166419 0.00023727 0.00014) 166733
(0.000171355 0.000241185 0.00014) 166834
(0.000176743 0.00024445 0.00014) 166835
(0.000182498 0.000247014 0.00014) 166936
(0.000188528 0.000248837 0.00014) 166937
(0.000194739 0.00024989 0.00014) 166938
(0.000201034 0.000250156 0.00014) 167040
(0.000207312 0.000249631 0.00014) 166941
(0.000213475 0.000248323 0.00014) 166942
(0.000219425 0.000246253 0.00014) 166943
(0.000225069 0.000243454 0.00014) 172845
(0.00023205 0.000242253 0.00014) 166846
(0.000237093 0.000237903 0.00014) 166747
(0.000241551 0.000232955 0.00014) 166648
(0.000245354 0.000227488 0.00014) 166549
(0.000248441 0.000221587 0.00014) 166449
(0.00024751 0.000176435 0.00014) 165549
(0.000244182 0.000170667 0.00014) 165448
(0.000240158 0.00016536 0.00014) 165348
(0.0002355 0.000160601 0.00014) 165247
(0.000230281 0.000156462 0.00014) 165146
(0.000224586 0.00015301 0.00014) 165044
(0.000218502 0.000150299 0.00014) 165043
(0.000212128 0.000148372 0.00014) 164942
(0.000205561 0.000147259 0.00014) 164941
(0.000198907 0.000146978 0.00014) 164939
(0.000192271 0.000147533 0.00014) 164938
(0.000185756 0.000148916 0.00014) 164937
(0.000179465 0.000151104 0.00014) 165035
(0.000173499 0.000154063 0.00014) 165034
(0.00016795 0.000157747 0.00014) 165133
(0.000162907 0.000162097 0.00014) 165232
(0.000158449 0.000167045 0.00014) 165331
(0.000154646 0.000172512 0.00014) 165430
(0.000151559 0.000178413 0.00014) 165530
(0.000149235 0.000184655 0.00014) 165629
(0.000147712 0.000191138 0.00014) 165829
(0.000147014 0.000197761 0.00014) 165929
(0.000147151 0.00020442 0.00014) 166029
(0.000148122 0.000211009 0.00014) 166229
(0.000149911 0.000217424 0.00014) 172329
(0.00015249 0.000223565 0.00014) 166430
(0.000155818 0.000229333 0.00014) 166531
(0.000159842 0.00023464 0.00014) 166631
(0.000164501 0.0002394 0.00014) 166732
(0.000169719 0.000243538 0.00014) 166833
(0.000175414 0.00024699 0.00014) 166935
(0.000181497 0.000249701 0.00014) 166936
(0.000187872 0.000251628 0.00014) 167037
(0.000194439 0.000252741 0.00014) 167038
(0.000201093 0.000253022 0.00014) 167040
(0.00020773 0.000252467 0.00014) 167041
(0.000214245 0.000251085 0.00014) 167042
(0.000220535 0.000248896 0.00014) 166944
(0.000226501 0.000245937 0.00014) 166945
(0.000233782 0.000244537 0.00014) 166846
(0.000239098 0.000239952 0.00014) 166747
(0.000243797 0.000234737 0.00014) 166648
(0.000247805 0.000228974 0.00014) 166549
(0.00024657 0.000169081 0.00014) 165349
(0.000242328 0.000163488 0.00014) 165248
(0.000237419 0.000158471 0.00014) 165147
(0.000231918 0.000154108 0.00014) 165046
(0.000225915 0.00015047 0.00014) 165045
(0.000219503 0.000147612 0.00014) 164943
(0.000212783 0.000145581 0.00014) 164942
(0.000205862 0.000144408 0.00014) 164841
(0.000198848 0.000144112 0.00014) 164839
(0.000191853 0.000144697 0.00014) 164838
(0.000184986 0.000146154 0.00014) 164936
(0.000178355 0.000148461 0.00014) 164935
(0.000172066 0.00015158 0.00014) 165034
(0.000166218 0.000155463 0.00014) 165133
(0.000160902 0.000160048 0.00014) 165232
(0.000156203 0.000165263 0.00014) 165331
(0.000152195 0.000171026 0.00014) 165430
(0.00014894 0.000177246 0.00014) 165529
(0.000146491 0.000183825 0.00014) 165629
(0.000144886 0.000190659 0.00014) 165828
(0.00014415 0.00019764 0.00014) 165928
(0.000144294 0.000204659 0.00014) 172028
(0.000145318 0.000211604 0.00014) 166229
(0.000147203 0.000218366 0.00014) 166329
(0.000149921 0.000224838 0.00014) 166429
(0.000153429 0.000230919 0.00014) 166630
(0.000157672 0.000236512 0.00014) 166731
(0.000162582 0.000241529 0.00014) 166832
(0.000168082 0.000245892 0.00014) 166933
(0.000174085 0.00024953 0.00014) 166934
(0.000180497 0.000252388 0.00014) 167036
(0.000187217 0.000254419 0.00014) 167037
(0.000194138 0.000255592 0.00014) 167138
(0.000201152 0.000255888 0.00014) 167140
(0.000208148 0.000255303 0.00014) 167141
(0.000215015 0.000253846 0.00014) 167043
(0.000221645 0.000251539 0.00014) 167044
(0.000227934 0.00024842 0.00014) 166945
(0.000235515 0.000246821 0.00014) 166947
(0.000241103 0.000242001 0.00014) 166848
(0.000246043 0.000236518 0.00014) 166749
(0.000248959 0.000167495 0.00014) 165349
(0.000244499 0.000161616 0.00014) 165248
(0.000239337 0.000156341 0.00014) 165147
(0.000233555 0.000151755 0.00014) 165046
(0.000227244 0.00014793 0.00014) 170945
(0.000220503 0.000144926 0.00014) 164844
(0.000213439 0.000142791 0.00014) 170842
(0.000206162 0.000141557 0.00014) 164841
(0.000198789 0.000141246 0.00014) 164839
(0.000191435 0.000141861 0.00014) 164838
(0.000184216 0.000143393 0.00014) 164836
(0.000177245 0.000145817 0.00014) 164935
(0.000170634 0.000149097 0.00014) 164934
(0.000164485 0.000153179 0.00014) 171032
(0.000158897 0.000157999 0.00014) 165131
(0.000153957 0.000163482 0.00014) 165230
(0.000149743 0.00016954 0.00014) 165329
(0.000146322 0.000176079 0.00014) 165529
(0.000143747 0.000182996 0.00014) 165628
(0.00014206 0.00019018 0.00014) 165828
(0.000141286 0.000197519 0.00014) 165928
(0.000141438 0.000204898 0.00014) 172028
(0.000142513 0.000212199 0.00014) 166228
(0.000144496 0.000219308 0.00014) 166328
(0.000147353 0.000226112 0.00014) 166529
(0.000151041 0.000232504 0.00014) 172630
(0.000155501 0.000238384 0.00014) 166731
(0.000160663 0.000243659 0.00014) 166832
(0.000166445 0.000248245 0.00014) 166933
(0.000172756 0.00025207 0.00014) 167034
(0.000179497 0.000255074 0.00014) 167135
(0.000186562 0.00025721 0.00014) 167137
(0.000193838 0.000258443 0.00014) 167138
(0.000201211 0.000258754 0.00014) 167140
(0.000208565 0.000258139 0.00014) 167141
(0.000215785 0.000256607 0.00014) 167143
(0.000222755 0.000254182 0.00014) 167044
(0.000229366 0.000250903 0.00014) 167045
(0.000237247 0.000249105 0.00014) 166947
(0.000243108 0.00024405 0.00014) 166848
(0.000248289 0.0002383 0.00014) 166749
(0.00024667 0.000159743 0.00014) 165149
(0.000241256 0.000154211 0.00014) 165048
(0.000235192 0.000149402 0.00014) 170947
(0.000228573 0.00014539 0.00014) 164945
(0.000221503 0.000142239 0.00014) 164844
(0.000214094 0.00014 0.00014) 164742
(0.000206463 0.000138706 0.00014) 164741
(0.00019873 0.00013838 0.00014) 164739
(0.000191017 0.000139025 0.00014) 164738
(0.000183446 0.000140632 0.00014) 164836
(0.000176135 0.000143174 0.00014) 164835
(0.000169201 0.000146614 0.00014) 164933
(0.000162753 0.000150895 0.00014) 171032
(0.000156892 0.00015595 0.00014) 165131
(0.000151711 0.0001617 0.00014) 165230
(0.000147292 0.000168055 0.00014) 165329
(0.000143704 0.000174913 0.00014) 165428
(0.000141003 0.000182166 0.00014) 165628
(0.000139233 0.000189701 0.00014) 165727
(0.000138422 0.000197398 0.00014) 165927
(0.000138581 0.000205137 0.00014) 166127
(0.000139709 0.000212794 0.00014) 166227
(0.000141788 0.000220249 0.00014) 166428
(0.000144785 0.000227386 0.00014) 166528
(0.000148653 0.00023409 0.00014) 166629
(0.00015333 0.000240257 0.00014) 166830
(0.000158744 0.000245789 0.00014) 166931
(0.000164808 0.000250598 0.00014) 167032
(0.000171427 0.00025461 0.00014) 167034
(0.000178497 0.000257761 0.00014) 167135
(0.000185906 0.00026 0.00014) 167237
(0.000193537 0.000261294 0.00014) 173238
(0.00020127 0.00026162 0.00014) 167240
(0.000208983 0.000260975 0.00014) 167241
(0.000216554 0.000259368 0.00014) 167143
(0.000223865 0.000256826 0.00014) 167144
(0.000230799 0.000253386 0.00014) 167046
(0.000238979 0.000251389 0.00014) 167047
(0.000245113 0.000246099 0.00014) 166949
(0.00024884 0.000157871 0.00014) 165149
(0.000243175 0.000152082 0.00014) 165048
(0.000236829 0.000147048 0.00014) 170947
(0.000229902 0.00014285 0.00014) 164845
(0.000222503 0.000139553 0.00014) 164744
(0.00021475 0.000137209 0.00014) 164742
(0.000206764 0.000135856 0.00014) 164741
(0.000198671 0.000135514 0.00014) 164739
(0.000190599 0.000136189 0.00014) 164738
(0.000182676 0.00013787 0.00014) 164736
(0.000175025 0.000140532 0.00014) 164835
(0.000167769 0.000144131 0.00014) 164833
(0.00016102 0.000148611 0.00014) 164932
(0.000154887 0.000153901 0.00014) 165030
(0.000149465 0.000159919 0.00014) 165129
(0.00014484 0.000166569 0.00014) 165328
(0.000141085 0.000173746 0.00014) 165428
(0.000138259 0.000181337 0.00014) 165627
(0.000136407 0.000189222 0.00014) 165727
(0.000135558 0.000197278 0.00014) 165927
(0.000135724 0.000205376 0.00014) 166127
(0.000136905 0.000213389 0.00014) 166227
(0.000139081 0.000221191 0.00014) 166427
(0.000142217 0.00022866 0.00014) 166528
(0.000146265 0.000235676 0.00014) 166729
(0.00015116 0.000242129 0.00014) 172830
(0.000156825 0.000247919 0.00014) 166931
(0.000163171 0.000252952 0.00014) 167032
(0.000170098 0.00025715 0.00014) 167134
(0.000177497 0.000260447 0.00014) 167235
(0.00018525 0.000262791 0.00014) 167237
(0.000193236 0.000264144 0.00014) 167238
(0.000201329 0.000264486 0.00014) 167240
(0.000209401 0.000263811 0.00014) 167241
(0.000217324 0.00026213 0.00014) 167243
(0.000224975 0.000259469 0.00014) 167144
(0.000232231 0.000255869 0.00014) 167146
(0.000240712 0.000253673 0.00014) 167048
(0.000247118 0.000248147 0.00014) 166949
(0.000245094 0.000149952 0.00014) 164949
(0.000238466 0.000144695 0.00014) 164847
(0.000231231 0.00014031 0.00014) 164846
(0.000223503 0.000136866 0.00014) 164744
(0.000215405 0.000134418 0.00014) 164643
(0.000207064 0.000133005 0.00014) 164641
(0.000198612 0.000132648 0.00014) 164639
(0.000190181 0.000133353 0.00014) 164638
(0.000181906 0.000135109 0.00014) 164736
(0.000173915 0.000137888 0.00014) 164734
(0.000166336 0.000141647 0.00014) 164833
(0.000159288 0.000146327 0.00014) 164931
(0.000152882 0.000151853 0.00014) 165030
(0.000147219 0.000158138 0.00014) 165129
(0.000142389 0.000165083 0.00014) 165328
(0.000138467 0.000172579 0.00014) 165427
(0.000135515 0.000180507 0.00014) 165627
(0.000133581 0.000188743 0.00014) 165726
(0.000132693 0.000197156 0.00014) 165926
(0.000132868 0.000205615 0.00014) 166126
(0.000134101 0.000213984 0.00014) 166226
(0.000136373 0.000222133 0.00014) 166427
(0.000139649 0.000229933 0.00014) 166527
(0.000143876 0.000237261 0.00014) 166728
(0.000148989 0.000244002 0.00014) 166829
(0.000154906 0.000250048 0.00014) 167030
(0.000161534 0.000255305 0.00014) 167132
(0.000168769 0.00025969 0.00014) 167133
(0.000176497 0.000263134 0.00014) 167235
(0.000184595 0.000265582 0.00014) 173336
(0.000192936 0.000266995 0.00014) 167338
(0.000201388 0.000267352 0.00014) 167340
(0.000209819 0.000266647 0.00014) 167341
(0.000218095 0.000264891 0.00014) 167243
(0.000226085 0.000262112 0.00014) 167245
(0.000233664 0.000258352 0.00014) 167146
(0.000242444 0.000255957 0.00014) 167148
(0.000249123 0.000250196 0.00014) 167049
(0.000247013 0.000147822 0.00014) 164949
(0.000240102 0.000142341 0.00014) 164848
(0.00023256 0.00013777 0.00014) 164746
(0.000224503 0.00013418 0.00014) 164644
(0.000216061 0.000131628 0.00014) 164643
(0.000207365 0.000130154 0.00014) 164641
(0.000198553 0.000129782 0.00014) 164539
(0.000189763 0.000130517 0.00014) 164637
(0.000181136 0.000132348 0.00014) 164636
(0.000172805 0.000135245 0.00014) 164734
(0.000164904 0.000139164 0.00014) 164732
(0.000157556 0.000144043 0.00014) 164831
(0.000150877 0.000149804 0.00014) 170930
(0.000144973 0.000156356 0.00014) 165128
(0.000139937 0.000163597 0.00014) 165227
(0.000135848 0.000171412 0.00014) 165427
(0.000132771 0.000179678 0.00014) 165526
(0.000130754 0.000188264 0.00014) 165726
(0.000129829 0.000197035 0.00014) 165925
(0.000130011 0.000205853 0.00014) 166126
(0.000131297 0.000214579 0.00014) 166226
(0.000133666 0.000223075 0.00014) 166426
(0.000137081 0.000231207 0.00014) 166627
(0.000141488 0.000238847 0.00014) 166728
(0.000146818 0.000245874 0.00014) 172929
(0.000152987 0.000252178 0.00014) 167030
(0.000159898 0.000257659 0.00014) 167131
(0.00016744 0.00026223 0.00014) 167233
(0.000175496 0.00026582 0.00014) 167335
(0.000183939 0.000268372 0.00014) 173336
(0.000192635 0.000269846 0.00014) 167338
(0.000201447 0.000270218 0.00014) 173440
(0.000210237 0.000269483 0.00014) 167342
(0.000218864 0.000267652 0.00014) 167343
(0.000227195 0.000264755 0.00014) 167245
(0.000235096 0.000260836 0.00014) 167247
(0.000244177 0.000258241 0.00014) 167148
(0.000248932 0.000145693 0.00014) 164949
(0.000241739 0.000139988 0.00014) 164748
(0.000233889 0.00013523 0.00014) 164746
(0.000225504 0.000131493 0.00014) 164645
(0.000216716 0.000128837 0.00014) 164543
(0.000207666 0.000127303 0.00014) 164541
(0.000198494 0.000126916 0.00014) 164539
(0.000189346 0.000127681 0.00014) 164537
(0.000180366 0.000129586 0.00014) 164536
(0.000171695 0.000132602 0.00014) 164634
(0.000163471 0.000136681 0.00014) 164732
(0.000155823 0.000141759 0.00014) 164831
(0.000148872 0.000147755 0.00014) 164929
(0.000142727 0.000154575 0.00014) 165028
(0.000137486 0.000162111 0.00014) 165227
(0.00013323 0.000170245 0.00014) 165426
(0.000130027 0.000178848 0.00014) 165526
(0.000127928 0.000187785 0.00014) 165725
(0.000126965 0.000196914 0.00014) 165925
(0.000127154 0.000206093 0.00014) 166125
(0.000128492 0.000215174 0.00014) 166325
(0.000130958 0.000224017 0.00014) 166426
(0.000134513 0.000232481 0.00014) 166626
(0.0001391 0.000240432 0.00014) 166827
(0.000144648 0.000247746 0.00014) 166928
(0.000151068 0.000254307 0.00014) 167030
(0.000158261 0.000260012 0.00014) 167231
(0.000166111 0.00026477 0.00014) 167233
(0.000174496 0.000268507 0.00014) 173334
(0.000183284 0.000271163 0.00014) 167436
(0.000192335 0.000272697 0.00014) 167438
(0.000201506 0.000273084 0.00014) 167440
(0.000210654 0.000272319 0.00014) 167442
(0.000219634 0.000270414 0.00014) 167443
(0.000228305 0.000267398 0.00014) 167345
(0.000236529 0.000263319 0.00014) 167247
(0.000245909 0.000260525 0.00014) 167249
(0.000243376 0.000137635 0.00014) 164748
(0.000235218 0.00013269 0.00014) 164647
(0.000226504 0.000128807 0.00014) 164545
(0.000217372 0.000126046 0.00014) 164543
(0.000207966 0.000124452 0.00014) 164441
(0.000198435 0.000124049 0.00014) 164439
(0.000188928 0.000124845 0.00014) 164437
(0.000179596 0.000126825 0.00014) 164535
(0.000170585 0.000129959 0.00014) 164534
(0.000162039 0.000134198 0.00014) 164632
(0.000154091 0.000139475 0.00014) 164730
(0.000146867 0.000145706 0.00014) 164929
(0.000140481 0.000152793 0.00014) 165028
(0.000135034 0.000160625 0.00014) 165227
(0.000130611 0.000169078 0.00014) 165326
(0.000127283 0.000178019 0.00014) 165525
(0.000125101 0.000187306 0.00014) 165725
(0.000124101 0.000196793 0.00014) 171924
(0.000124298 0.000206331 0.00014) 172124
(0.000125688 0.00021577 0.00014) 166325
(0.00012825 0.000224959 0.00014) 166425
(0.000131944 0.000233755 0.00014) 172626
(0.000136712 0.000242018 0.00014) 166827
(0.000142477 0.000249619 0.00014) 166928
(0.000149149 0.000256437 0.00014) 167129
(0.000156624 0.000262366 0.00014) 167231
(0.000164782 0.00026731 0.00014) 167332
(0.000173496 0.000271194 0.00014) 167434
(0.000182628 0.000273954 0.00014) 167436
(0.000192034 0.000275548 0.00014) 167538
(0.000201565 0.000275951 0.00014) 167540
(0.000211072 0.000275155 0.00014) 167542
(0.000220404 0.000273175 0.00014) 167444
(0.000229415 0.000270041 0.00014) 167445
(0.000237961 0.000265802 0.00014) 167347
(0.000247641 0.000262809 0.00014) 167249
(0.000245013 0.000135281 0.00014) 170749
(0.000236546 0.00013015 0.00014) 164647
(0.000227504 0.00012612 0.00014) 164545
(0.000218027 0.000123256 0.00014) 164443
(0.000208267 0.000121601 0.00014) 164441
(0.000198376 0.000121183 0.00014) 164439
(0.00018851 0.000122009 0.00014) 164437
(0.000178826 0.000124064 0.00014) 164435
(0.000169475 0.000127316 0.00014) 164533
(0.000160606 0.000131715 0.00014) 164632
(0.000152359 0.000137191 0.00014) 164730
(0.000144862 0.000143657 0.00014) 164828
(0.000138235 0.000151012 0.00014) 165027
(0.000132582 0.000159139 0.00014) 165126
(0.000127993 0.000167911 0.00014) 165325
(0.000124539 0.000177189 0.00014) 171524
(0.000122275 0.000186827 0.00014) 165724
(0.000121237 0.000196672 0.00014) 165924
(0.000121441 0.00020657 0.00014) 166124
(0.000122884 0.000216364 0.00014) 166324
(0.000125543 0.000225901 0.00014) 166525
(0.000129376 0.000235028 0.00014) 166725
(0.000134324 0.000243604 0.00014) 166826
(0.000140306 0.000251491 0.00014) 167028
(0.000147231 0.000258567 0.00014) 167129
(0.000154987 0.000264719 0.00014) 167230
(0.000163453 0.00026985 0.00014) 167332
(0.000172496 0.00027388 0.00014) 167434
(0.000181972 0.000276744 0.00014) 167536
(0.000191733 0.000278399 0.00014) 167538
(0.000201624 0.000278817 0.00014) 167540
(0.00021149 0.000277991 0.00014) 167542
(0.000221174 0.000275936 0.00014) 167544
(0.000230525 0.000272684 0.00014) 167446
(0.000239394 0.000268285 0.00014) 167347
(0.000249374 0.000265093 0.00014) 167349
(0.00024665 0.000132928 0.00014) 164649
(0.000237876 0.00012761 0.00014) 164547
(0.000228504 0.000123434 0.00014) 164445
(0.000218683 0.000120465 0.00014) 164443
(0.000208567 0.00011875 0.00014) 170341
(0.000198316 0.000118317 0.00014) 170339
(0.000188092 0.000119172 0.00014) 164337
(0.000178056 0.000121302 0.00014) 164435
(0.000168365 0.000124673 0.00014) 164433
(0.000159174 0.000129232 0.00014) 170531
(0.000150626 0.000134907 0.00014) 164630
(0.000142857 0.000141608 0.00014) 164828
(0.000135989 0.000149231 0.00014) 164927
(0.000130131 0.000157654 0.00014) 165126
(0.000125374 0.000166745 0.00014) 165325
(0.000121795 0.00017636 0.00014) 171524
(0.000119449 0.000186348 0.00014) 165723
(0.000118373 0.000196551 0.00014) 171923
(0.000118584 0.000206809 0.00014) 166123
(0.00012008 0.00021696 0.00014) 166324
(0.000122835 0.000226842 0.00014) 166524
(0.000126808 0.000236302 0.00014) 166725
(0.000131935 0.000245189 0.00014) 166926
(0.000138135 0.000253364 0.00014) 167027
(0.000145312 0.000260697 0.00014) 167229
(0.00015335 0.000267072 0.00014) 167330
(0.000162124 0.00027239 0.00014) 167432
(0.000171496 0.000276566 0.00014) 167534
(0.000181317 0.000279535 0.00014) 167536
(0.000191433 0.00028125 0.00014) 167638
(0.000201684 0.000281683 0.00014) 167640
(0.000211908 0.000280828 0.00014) 167642
(0.000221944 0.000278698 0.00014) 167544
(0.000231635 0.000275327 0.00014) 167546
(0.000240826 0.000270768 0.00014) 167448
(0.000248287 0.000130574 0.00014) 164649
(0.000239204 0.00012507 0.00014) 164547
(0.000229504 0.000120747 0.00014) 164445
(0.000219338 0.000117674 0.00014) 164343
(0.000208868 0.0001159 0.00014) 164341
(0.000198257 0.000115451 0.00014) 164339
(0.000187674 0.000116336 0.00014) 164337
(0.000177286 0.000118541 0.00014) 164335
(0.000167255 0.00012203 0.00014) 164433
(0.000157741 0.000126749 0.00014) 164531
(0.000148894 0.000132623 0.00014) 164629
(0.000140852 0.00013956 0.00014) 164728
(0.000133743 0.000147449 0.00014) 164926
(0.000127679 0.000156168 0.00014) 165125
(0.000122756 0.000165578 0.00014) 165324
(0.000119051 0.00017553 0.00014) 165523
(0.000116622 0.000185869 0.00014) 165723
(0.000115509 0.00019643 0.00014) 165923
(0.000115728 0.000207048 0.00014) 166123
(0.000117275 0.000217555 0.00014) 166323
(0.000120128 0.000227785 0.00014) 166524
(0.00012424 0.000237576 0.00014) 166724
(0.000129547 0.000246775 0.00014) 172925
(0.000135965 0.000255236 0.00014) 167127
(0.000143393 0.000262826 0.00014) 167228
(0.000151713 0.000269426 0.00014) 167330
(0.000160795 0.00027493 0.00014) 167432
(0.000170496 0.000279253 0.00014) 167534
(0.000180661 0.000282326 0.00014) 167636
(0.000191132 0.0002841 0.00014) 167638
(0.000201743 0.000284549 0.00014) 167640
(0.000212326 0.000283664 0.00014) 167642
(0.000222714 0.000281459 0.00014) 167644
(0.000232745 0.00027797 0.00014) 167546
(0.000242259 0.000273251 0.00014) 167448
(0.000250122 0.000202118 0.00014) 172050
(0.000250765 0.000215345 0.00014) 166350
(0.000252288 0.000208862 0.00014) 166150
(0.000252986 0.000202239 0.00014) 166050
(0.000252849 0.00019558 0.00014) 165950
(0.000251878 0.000188991 0.00014) 165750
(0.000250089 0.000182576 0.00014) 165650
(0.00025106 0.000222754 0.00014) 166450
(0.000253509 0.000216175 0.00014) 166350
(0.000255114 0.000209341 0.00014) 166151
(0.00025585 0.000202359 0.00014) 166051
(0.000255705 0.000195341 0.00014) 165951
(0.000254683 0.000188396 0.00014) 165750
(0.000252797 0.000181634 0.00014) 165650
(0.000250079 0.000175162 0.00014) 165550
(0.000250257 0.00023046 0.00014) 166650
(0.000253678 0.00022392 0.00014) 166450
(0.000256253 0.000217004 0.00014) 166351
(0.00025794 0.00020982 0.00014) 166151
(0.000258714 0.000202481 0.00014) 166051
(0.000258562 0.000195102 0.00014) 165951
(0.000257487 0.000187801 0.00014) 165751
(0.000255504 0.000180692 0.00014) 165651
(0.000252647 0.000173888 0.00014) 171450
(0.000252708 0.000231945 0.00014) 166650
(0.000256296 0.000225087 0.00014) 166551
(0.000258997 0.000217834 0.00014) 166351
(0.000260767 0.000210299 0.00014) 166252
(0.000261578 0.000202602 0.00014) 172052
(0.000261419 0.000194863 0.00014) 165852
(0.000260291 0.000187206 0.00014) 165752
(0.000258212 0.00017975 0.00014) 165551
(0.000255215 0.000172614 0.00014) 165451
(0.000251347 0.00016591 0.00014) 165350
(0.000250535 0.000240081 0.00014) 166850
(0.00025516 0.000233431 0.00014) 166651
(0.000258915 0.000226254 0.00014) 166551
(0.000261741 0.000218663 0.00014) 166352
(0.000263593 0.000210778 0.00014) 166252
(0.000264443 0.000202723 0.00014) 166052
(0.000264276 0.000194624 0.00014) 165852
(0.000263095 0.000186611 0.00014) 165752
(0.000260919 0.000178809 0.00014) 165552
(0.000257783 0.000171341 0.00014) 165451
(0.000253736 0.000164324 0.00014) 165250
(0.000252781 0.000241862 0.00014) 166850
(0.000257611 0.000234917 0.00014) 166651
(0.000261534 0.000227421 0.00014) 166552
(0.000264485 0.000219493 0.00014) 166352
(0.00026642 0.000211257 0.00014) 166253
(0.000267307 0.000202844 0.00014) 166053
(0.000267132 0.000194385 0.00014) 165853
(0.000265899 0.000186016 0.00014) 165753
(0.000263627 0.000177867 0.00014) 165552
(0.000260351 0.000170067 0.00014) 165452
(0.000256124 0.000162739 0.00014) 165251
(0.000251011 0.000155998 0.00014) 165150
(0.000255027 0.000243644 0.00014) 166851
(0.000260063 0.000236403 0.00014) 166752
(0.000264152 0.000228588 0.00014) 166552
(0.000267229 0.000220322 0.00014) 166453
(0.000269246 0.000211736 0.00014) 166253
(0.000270171 0.000202965 0.00014) 166054
(0.000269989 0.000194147 0.00014) 165853
(0.000268704 0.000185421 0.00014) 165753
(0.000266334 0.000176925 0.00014) 165553
(0.000262919 0.000168793 0.00014) 165352
(0.000258512 0.000161153 0.00014) 165251
(0.000253182 0.000154126 0.00014) 165050
(0.000251128 0.000252245 0.00014) 167050
(0.000257273 0.000245425 0.00014) 166951
(0.000262514 0.000237889 0.00014) 166752
(0.00026677 0.000229755 0.00014) 166553
(0.000269973 0.000221152 0.00014) 166453
(0.000272072 0.000212215 0.00014) 166254
(0.000273035 0.000203086 0.00014) 166054
(0.000272846 0.000193908 0.00014) 165854
(0.000271508 0.000184826 0.00014) 165654
(0.000269042 0.000175983 0.00014) 165553
(0.000265487 0.000167519 0.00014) 165353
(0.0002609 0.000159568 0.00014) 165152
(0.000255352 0.000152254 0.00014) 165051
(0.000253133 0.000254294 0.00014) 167050
(0.000259519 0.000247206 0.00014) 166951
(0.000264966 0.000239375 0.00014) 166752
(0.000269389 0.000230922 0.00014) 166653
(0.000272717 0.000221981 0.00014) 166454
(0.000274898 0.000212694 0.00014) 166254
(0.000275899 0.000203207 0.00014) 166055
(0.000275702 0.000193668 0.00014) 165855
(0.000274312 0.000184231 0.00014) 165654
(0.000271749 0.000175041 0.00014) 165554
(0.000268056 0.000166245 0.00014) 165353
(0.000263288 0.000157982 0.00014) 165152
(0.000257523 0.000150381 0.00014) 165051
(0.000250851 0.000143563 0.00014) 164850
(0.000255138 0.000256343 0.00014) 167151
(0.000261764 0.000248988 0.00014) 166952
(0.000267417 0.00024086 0.00014) 166853
(0.000272007 0.000232089 0.00014) 166654
(0.000275461 0.000222811 0.00014) 166455
(0.000277725 0.000213173 0.00014) 166255
(0.000278763 0.000203328 0.00014) 166055
(0.000278559 0.00019343 0.00014) 165855
(0.000277116 0.000183635 0.00014) 165655
(0.000274457 0.000174099 0.00014) 165454
(0.000270624 0.000164972 0.00014) 165254
(0.000265677 0.000156397 0.00014) 165153
(0.000259694 0.000148509 0.00014) 164951
(0.00025277 0.000141433 0.00014) 164850
(0.000257143 0.000258392 0.00014) 167151
(0.000264011 0.000250769 0.00014) 167052
(0.000269869 0.000242346 0.00014) 166853
(0.000274625 0.000233255 0.00014) 166654
(0.000278205 0.00022364 0.00014) 166455
(0.000280551 0.000213652 0.00014) 166256
(0.000281627 0.000203449 0.00014) 166056
(0.000281416 0.000193191 0.00014) 165856
(0.00027992 0.000183041 0.00014) 165655
(0.000277165 0.000173158 0.00014) 165455
(0.000273192 0.000163698 0.00014) 165254
(0.000268065 0.000154811 0.00014) 165053
(0.000261864 0.000146636 0.00014) 164952
(0.000254688 0.000139303 0.00014) 164750
(0.000251106 0.000267377 0.00014) 167350
(0.000259148 0.00026044 0.00014) 167251
(0.000266257 0.000252551 0.00014) 167053
(0.000272321 0.000243832 0.00014) 166854
(0.000277244 0.000234422 0.00014) 166655
(0.000280949 0.00022447 0.00014) 166456
(0.000283378 0.000214131 0.00014) 166256
(0.000284491 0.000203569 0.00014) 166056
(0.000284272 0.000192952 0.00014) 165856
(0.000282725 0.000182445 0.00014) 165656
(0.000279872 0.000172216 0.00014) 165455
(0.00027576 0.000162424 0.00014) 165255
(0.000270453 0.000153225 0.00014) 165054
(0.000264035 0.000144764 0.00014) 164852
(0.000256607 0.000137174 0.00014) 164751
)


// ************************************************************************* //
