/*--------------------------------*- C++ -*----------------------------------*\
| =========                 |                                                 |
| \\      /  F ield         | OpenFOAM: The Open Source CFD Toolbox           |
|  \\    /   O peration     | Version:  v2012                                 |
|   \\  /    A nd           | Website:  www.openfoam.com                      |
|    \\/     M anipulation  |                                                 |
\*---------------------------------------------------------------------------*/
FoamFile
{
    version     2.0;
    format      ascii;
    class       Cloud<passiveParticle>;
    location    "0.0002/lagrangian/DTRMCloud";
    object      coordinates;
}
// * * * * * * * * * * * * * * * * * * * * * * * * * * * * * * * * * * * * * //

1500
(
(2.22045e-16 0.771603 0.173242 0.055155) 166040 493762 2
(2.22045e-16 0.795117 0.200501 0.00438147) 166040 493762 2
(2.22045e-16 0.775401 0.0464612 0.178138) 166040 493762 1
(2.22045e-16 0.754845 0.0965711 0.148583) 166040 493762 1
(2.22045e-16 0.738156 0.145158 0.116686) 166040 493762 1
(2.22045e-16 0.725596 0.191456 0.0829479) 166040 493762 1
(2.22045e-16 0.717364 0.234734 0.047902) 166040 493762 1
(2.22045e-16 0.713589 0.274311 0.0121005) 166040 493762 1
(1.11022e-16 0.0238917 0.285669 0.690439) 165940 493463 2
(1.11022e-16 0.0595072 0.280422 0.66007) 165940 493463 2
(1.11022e-16 0.0941842 0.270753 0.635063) 165940 493463 2
(1.11022e-16 0.127376 0.256813 0.615811) 165940 493463 2
(1.11022e-16 0.158559 0.238824 0.602617) 165940 493463 2
(1.11022e-16 0.187241 0.217068 0.595691) 165940 493463 2
(1.11022e-16 0.21297 0.191889 0.595141) 165940 493463 2
(1.11022e-16 0.235341 0.163684 0.600975) 165940 493463 2
(1.11022e-16 0.254 0.132897 0.613103) 165940 493463 2
(1.11022e-16 0.268654 0.100014 0.631332) 165940 493463 2
(1.11022e-16 0.279071 0.0655543 0.655375) 165940 493463 2
(1.11022e-16 0.285086 0.0300606 0.684853) 165940 493463 2
(0 0.00590725 0.280699 0.713394) 165939 493460 1
(0 0.0417819 0.241824 0.716395) 165939 493460 1
(0 0.0769976 0.199135 0.723868) 165939 493460 1
(0 0.110999 0.153306 0.735695) 165939 493460 1
(0 0.14325 0.105059 0.751691) 165939 493460 1
(0 0.173242 0.055155 0.771603) 165939 493460 1
(0 0.200501 0.00438147 0.795117) 165939 493460 1
(2.22045e-16 0.178138 0.775401 0.0464612) 165939 493460 2
(2.22045e-16 0.148583 0.754845 0.0965711) 165939 493460 2
(2.22045e-16 0.116686 0.738156 0.145158) 165939 493460 2
(2.22045e-16 0.0829479 0.725596 0.191456) 165939 493460 2
(2.22045e-16 0.047902 0.717364 0.234734) 165939 493460 2
(2.22045e-16 0.0121005 0.713589 0.274311) 165939 493460 2
(1.11022e-16 0.285669 0.690439 0.0238917) 166039 493759 1
(1.11022e-16 0.280422 0.66007 0.0595072) 166039 493759 1
(1.11022e-16 0.270753 0.635063 0.0941842) 166039 493759 1
(1.11022e-16 0.256813 0.615811 0.127376) 166039 493759 1
(1.11022e-16 0.238824 0.602617 0.158559) 166039 493759 1
(1.11022e-16 0.217068 0.595691 0.187241) 166039 493759 1
(1.11022e-16 0.191889 0.595141 0.21297) 166039 493759 1
(1.11022e-16 0.163684 0.600975 0.235341) 166039 493759 1
(1.11022e-16 0.132897 0.613103 0.254) 166039 493759 1
(1.11022e-16 0.100014 0.631332 0.268654) 166039 493759 1
(1.11022e-16 0.0655543 0.655375 0.279071) 166039 493759 1
(1.11022e-16 0.0300606 0.684853 0.285086) 166039 493759 1
(2.22045e-16 0.713394 0.00590725 0.280699) 166040 493762 2
(2.22045e-16 0.716395 0.0417819 0.241824) 166040 493762 2
(2.22045e-16 0.723868 0.0769976 0.199135) 166040 493762 2
(2.22045e-16 0.735695 0.110999 0.153306) 166040 493762 2
(2.22045e-16 0.751691 0.14325 0.105059) 166040 493762 2
(2.22045e-16 0.31481 0.519725 0.165465) 166040 493762 2
(2.22045e-16 0.385351 0.601504 0.0131444) 166040 493762 2
(2.22045e-16 0.326203 0.139384 0.534413) 166040 493762 1
(2.22045e-16 0.264536 0.289713 0.44575) 166040 493762 1
(2.22045e-16 0.214468 0.435474 0.350057) 166040 493762 1
(2.22045e-16 0.176789 0.574367 0.248844) 166040 493762 1
(2.22045e-16 0.152092 0.704203 0.143706) 166040 493762 1
(2.22045e-16 0.140767 0.822932 0.0363016) 166040 493762 1
(1.11022e-16 0.0716752 0.857008 0.0713169) 165940 493463 2
(1.11022e-16 0.158733 0.0197885 0.821478) 165940 493463 1
(1.11022e-16 0.187741 0.0948112 0.717447) 165940 493463 1
(1.11022e-16 0.22956 0.152568 0.617872) 165940 493463 1
(1.11022e-16 0.283528 0.192148 0.524324) 165940 493463 1
(1.11022e-16 0.348796 0.212927 0.438277) 165940 493463 1
(1.11022e-16 0.424333 0.214578 0.361089) 165940 493463 1
(1.11022e-16 0.508949 0.197074 0.293977) 165940 493463 1
(1.11022e-16 0.60131 0.160692 0.237999) 165940 493463 1
(1.11022e-16 0.699957 0.106004 0.194038) 165940 493463 1
(1.11022e-16 0.803337 0.0338748 0.162788) 165940 493463 1
(1.11022e-16 0.855259 0.0901817 0.0545597) 165940 493463 2
(0 0.0177218 0.842096 0.140183) 165939 493460 1
(0 0.125346 0.725471 0.149184) 165939 493460 1
(0 0.230993 0.597405 0.171603) 165939 493460 1
(0 0.332997 0.459917 0.207086) 165939 493460 1
(0 0.42975 0.315176 0.255074) 165939 493460 1
(0 0.519725 0.165465 0.31481) 165939 493460 1
(0 0.601504 0.0131444 0.385351) 165939 493460 1
(2.22045e-16 0.534413 0.326203 0.139384) 165939 493460 2
(2.22045e-16 0.44575 0.264536 0.289713) 165939 493460 2
(2.22045e-16 0.350057 0.214468 0.435474) 165939 493460 2
(2.22045e-16 0.248844 0.176789 0.574367) 165939 493460 2
(2.22045e-16 0.143706 0.152092 0.704203) 165939 493460 2
(2.22045e-16 0.0363016 0.140767 0.822932) 165939 493460 2
(1.11022e-16 0.857008 0.0713169 0.0716752) 166039 493759 1
(1.11022e-16 0.821478 0.158733 0.0197885) 166039 493759 2
(1.11022e-16 0.717447 0.187741 0.0948112) 166039 493759 2
(1.11022e-16 0.617872 0.22956 0.152568) 166039 493759 2
(1.11022e-16 0.524324 0.283528 0.192148) 166039 493759 2
(1.11022e-16 0.438277 0.348796 0.212927) 166039 493759 2
(1.11022e-16 0.361089 0.424333 0.214578) 166039 493759 2
(1.11022e-16 0.293977 0.508949 0.197074) 166039 493759 2
(1.11022e-16 0.237999 0.60131 0.160692) 166039 493759 2
(1.11022e-16 0.194038 0.699957 0.106004) 166039 493759 2
(1.11022e-16 0.162788 0.803337 0.0338748) 166039 493759 2
(1.11022e-16 0.0901817 0.0545597 0.855259) 166039 493759 1
(2.22045e-16 0.140183 0.0177218 0.842096) 166040 493762 2
(2.22045e-16 0.149184 0.125346 0.725471) 166040 493762 2
(2.22045e-16 0.171603 0.230993 0.597405) 166040 493762 2
(2.22045e-16 0.207086 0.332997 0.459917) 166040 493762 2
(2.22045e-16 0.255074 0.42975 0.315176) 166040 493762 2
(0 0.133791 0.724225 0.141984) 166140 494061 1
(2.22045e-16 0.975586 0.00250685 0.0219074) 166141 494064 2
(0 0.109311 0.122995 0.767694) 166041 493765 2
(0 0.257083 0.225773 0.517144) 166041 493765 2
(0 0.416571 0.309219 0.27421) 166041 493765 2
(0 0.58526 0.372019 0.0427209) 166041 493765 2
(0 0.586819 0.173671 0.23951) 166041 493765 1
(0 0.567944 0.371553 0.0605027) 166041 493765 1
(2.22045e-16 0.119459 0.428347 0.452195) 165941 493466 2
(2.22045e-16 0.297536 0.402112 0.300352) 165941 493466 2
(2.22045e-16 0.470921 0.353764 0.175315) 165941 493466 2
(2.22045e-16 0.636879 0.284067 0.0790533) 165941 493466 2
(2.22045e-16 0.792794 0.19412 0.0130863) 165941 493466 2
(0 0.914659 0.0215458 0.0637949) 165941 493466 1
(2.22045e-16 0.0405552 0.024297 0.935148) 165840 493164 1
(2.22045e-16 0.176706 0.818418 0.00487626) 165840 493164 2
(2.22045e-16 0.270002 0.664484 0.0655138) 165840 493164 2
(2.22045e-16 0.34327 0.500071 0.156659) 165840 493164 2
(2.22045e-16 0.395353 0.327771 0.276875) 165840 493164 2
(2.22045e-16 0.425431 0.150303 0.424266) 165840 493164 2
(1.11022e-16 0.0295363 0.403493 0.566971) 165839 493161 1
(1.11022e-16 0.20891 0.209118 0.581973) 165839 493161 1
(1.11022e-16 0.380662 0.615012 0.00432578) 165839 493161 2
(1.11022e-16 0.321524 0.445005 0.233472) 165839 493161 2
(1.11022e-16 0.241544 0.28375 0.474706) 165839 493161 2
(1.11022e-16 0.141984 0.133791 0.724225) 165839 493161 2
(2.22045e-16 0.00250685 0.0219074 0.975586) 165838 493158 1
(1.11022e-16 0.122995 0.767694 0.109311) 165938 493457 1
(1.11022e-16 0.225773 0.517144 0.257083) 165938 493457 1
(1.11022e-16 0.309219 0.27421 0.416571) 165938 493457 1
(1.11022e-16 0.372019 0.0427209 0.58526) 165938 493457 1
(1.11022e-16 0.23951 0.586819 0.173671) 165938 493457 2
(1.11022e-16 0.0605027 0.567944 0.371553) 165938 493457 2
(0 0.428347 0.452195 0.119459) 166038 493756 1
(0 0.402112 0.300352 0.297536) 166038 493756 1
(0 0.353764 0.175315 0.470921) 166038 493756 1
(0 0.284067 0.0790533 0.636879) 166038 493756 1
(0 0.19412 0.0130863 0.792794) 166038 493756 1
(0 0.0637949 0.914659 0.0215458) 166038 493756 2
(2.22045e-16 0.935148 0.0405552 0.024297) 166139 494058 2
(2.22045e-16 0.818418 0.00487626 0.176706) 166139 494058 1
(2.22045e-16 0.664484 0.0655138 0.270002) 166139 494058 1
(2.22045e-16 0.500071 0.156659 0.34327) 166139 494058 1
(2.22045e-16 0.327771 0.276875 0.395353) 166139 494058 1
(2.22045e-16 0.150303 0.424266 0.425431) 166139 494058 1
(0 0.566971 0.0295363 0.403493) 166140 494061 2
(0 0.581973 0.20891 0.209118) 166140 494061 2
(0 0.615012 0.00432578 0.380662) 166140 494061 1
(0 0.445005 0.233472 0.321524) 166140 494061 1
(0 0.28375 0.474706 0.241544) 166140 494061 1
(2.22045e-16 0.401223 0.212692 0.386085) 166141 494064 2
(2.22045e-16 0.56582 0.40351 0.0306703) 166141 494064 2
(2.22045e-16 0.427807 0.325228 0.246965) 166141 494064 1
(2.22045e-16 0.283918 0.675998 0.0400838) 166141 494064 1
(0 0.167093 0.0161067 0.8168) 166041 493765 1
(0 0.0791737 0.340191 0.580636) 166041 493765 1
(0 0.0215471 0.643139 0.335314) 166041 493765 1
(0 0.915296 0.00487815 0.0798256) 166042 493768 2
(0 0.000314724 0.166927 0.832758) 165941 493466 1
(0 0.0370438 0.379507 0.58345) 165941 493466 1
(0 0.10473 0.554559 0.340711) 165941 493466 1
(0 0.202306 0.689325 0.108369) 165941 493466 1
(1.11022e-16 0.109911 0.671768 0.218321) 165841 493167 2
(1.11022e-16 0.310687 0.519477 0.169836) 165841 493167 2
(1.11022e-16 0.490793 0.343223 0.165984) 165841 493167 2
(1.11022e-16 0.647388 0.145785 0.206827) 165841 493167 2
(2.22045e-16 0.0697222 0.708281 0.221997) 165840 493164 1
(2.22045e-16 0.299901 0.580677 0.119422) 165840 493164 1
(2.22045e-16 0.54112 0.412374 0.0465056) 165840 493164 1
(2.22045e-16 0.789576 0.206027 0.00439661) 165840 493164 1
(2.22045e-16 0.00624057 0.958649 0.0351102) 165739 492862 2
(1.11022e-16 0.292473 0.692765 0.0147619) 165839 493161 1
(1.11022e-16 0.538983 0.393944 0.0670727) 165839 493161 1
(1.11022e-16 0.776993 0.0731397 0.149867) 165839 493161 1
(2.22045e-16 0.00274972 0.735411 0.261839) 165838 493158 1
(2.22045e-16 0.212692 0.386085 0.401223) 165838 493158 1
(2.22045e-16 0.40351 0.0306703 0.56582) 165838 493158 1
(2.22045e-16 0.246965 0.427807 0.325228) 165838 493158 2
(2.22045e-16 0.0400838 0.283918 0.675998) 165838 493158 2
(1.11022e-16 0.8168 0.167093 0.0161067) 165938 493457 2
(1.11022e-16 0.580636 0.0791737 0.340191) 165938 493457 2
(1.11022e-16 0.335314 0.0215471 0.643139) 165938 493457 2
(0 0.00487815 0.0798256 0.915296) 165937 493454 1
(0 0.832758 0.000314724 0.166927) 166038 493756 2
(0 0.58345 0.0370438 0.379507) 166038 493756 2
(0 0.340711 0.10473 0.554559) 166038 493756 2
(0 0.108369 0.202306 0.689325) 166038 493756 2
(1.11022e-16 0.671768 0.218321 0.109911) 166138 494055 1
(1.11022e-16 0.519477 0.169836 0.310687) 166138 494055 1
(1.11022e-16 0.343223 0.165984 0.490793) 166138 494055 1
(1.11022e-16 0.145785 0.206827 0.647388) 166138 494055 1
(2.22045e-16 0.221997 0.0697222 0.708281) 166139 494058 2
(2.22045e-16 0.119422 0.299901 0.580677) 166139 494058 2
(2.22045e-16 0.0465056 0.54112 0.412374) 166139 494058 2
(2.22045e-16 0.00439661 0.789576 0.206027) 166139 494058 2
(0 0.958649 0.0351102 0.00624057) 166240 494360 1
(0 0.0147619 0.292473 0.692765) 166140 494061 2
(0 0.0670727 0.538983 0.393944) 166140 494061 2
(0 0.149867 0.776993 0.0731397) 166140 494061 2
(2.22045e-16 0.261839 0.00274972 0.735411) 166141 494064 2
(0 0.440824 0.503605 0.0555709) 166241 494363 1
(2.22045e-16 0.156054 0.804512 0.0394332) 166141 494064 2
(0 0.39676 0.0213909 0.581849) 166142 494067 2
(0 0.662749 0.206391 0.13086) 166142 494067 2
(0 0.643405 0.306423 0.0501719) 166142 494067 1
(0 0.253469 0.469634 0.276898) 166042 493768 2
(0 0.456275 0.112608 0.431118) 166042 493768 1
(0 0.4223 0.468796 0.108905) 166042 493768 1
(1.11022e-16 0.215026 0.571024 0.213951) 165942 493469 2
(1.11022e-16 0.476199 0.0593655 0.464435) 165942 493469 1
(1.11022e-16 0.563224 0.284434 0.152342) 165942 493469 1
(2.22045e-16 0.146383 0.311321 0.542296) 165842 493170 2
(2.22045e-16 0.427029 0.149416 0.423555) 165842 493170 2
(0 0.0463868 0.638782 0.314831) 165841 493167 1
(0 0.272999 0.643735 0.0832662) 165841 493167 1
(2.22045e-16 0.11807 0.473152 0.408777) 165741 492868 2
(2.22045e-16 0.286004 0.196071 0.517925) 165741 492868 2
(1.11022e-16 0.0998722 0.318013 0.582115) 165740 492865 1
(1.11022e-16 0.410011 0.101624 0.488364) 165740 492865 1
(1.11022e-16 0.565776 0.270545 0.163679) 165740 492865 2
(2.22045e-16 0.0531653 0.526287 0.420548) 165739 492862 1
(2.22045e-16 0.376037 0.176412 0.447551) 165739 492862 1
(2.22045e-16 0.485192 0.307021 0.207786) 165739 492862 2
(2.22045e-16 0.378743 0.0010085 0.620249) 165739 492862 2
(0 0.234779 0.71075 0.0544711) 165738 492859 2
(0 0.0555709 0.440824 0.503605) 165738 492859 2
(2.22045e-16 0.804512 0.0394332 0.156054) 165838 493158 1
(1.11022e-16 0.0213909 0.581849 0.39676) 165837 493155 1
(1.11022e-16 0.206391 0.13086 0.662749) 165837 493155 1
(1.11022e-16 0.0501719 0.643405 0.306423) 165837 493155 2
(0 0.469634 0.276898 0.253469) 165937 493454 1
(0 0.431118 0.456275 0.112608) 165937 493454 2
(0 0.108905 0.4223 0.468796) 165937 493454 2
(1.11022e-16 0.571024 0.213951 0.215026) 166037 493753 1
(1.11022e-16 0.464435 0.476199 0.0593655) 166037 493753 2
(1.11022e-16 0.152342 0.563224 0.284434) 166037 493753 2
(2.22045e-16 0.311321 0.542296 0.146383) 166137 494052 1
(2.22045e-16 0.149416 0.423555 0.427029) 166137 494052 1
(1.11022e-16 0.314831 0.0463868 0.638782) 166138 494055 2
(1.11022e-16 0.0832662 0.272999 0.643735) 166138 494055 2
(0 0.473152 0.408777 0.11807) 166238 494354 1
(0 0.196071 0.517925 0.286004) 166238 494354 1
(2.22045e-16 0.582115 0.318013 0.0998722) 172239 494357 2
(2.22045e-16 0.488364 0.101624 0.410011) 172239 494357 2
(0 0.270545 0.163679 0.565776) 166239 494357 1
(0 0.420548 0.0531653 0.526287) 166240 494360 2
(0 0.447551 0.376037 0.176412) 166240 494360 2
(0 0.307021 0.207786 0.485192) 166240 494360 1
(0 0.0010085 0.620249 0.378743) 166240 494360 1
(0 0.71075 0.0544711 0.234779) 166241 494363 1
(0 0.094341 0.393295 0.512364) 166241 494363 1
(0 0.746289 0.205515 0.0481962) 166242 494366 2
(0 0.0404843 0.470589 0.488927) 166142 494067 2
(0 0.3033 0.0622825 0.634417) 166142 494067 1
(0 0.119718 0.596739 0.283543) 166142 494067 1
(0 0.0875728 0.0184413 0.893986) 166043 493771 2
(0 0.473079 0.108997 0.417924) 166043 493771 2
(0 0.849477 0.017417 0.133106) 166043 493771 1
(2.22045e-16 0.262809 0.142363 0.594828) 165943 493472 2
(2.22045e-16 0.654579 0.0846454 0.260775) 165943 493472 2
(2.22045e-16 0.0217185 0.0143077 0.963974) 165842 493170 1
(2.22045e-16 0.175052 0.226083 0.598866) 165842 493170 1
(2.22045e-16 0.372936 0.37121 0.255854) 165842 493170 1
(1.11022e-16 0.0596513 0.387749 0.552599) 165742 492871 2
(1.11022e-16 0.342675 0.110779 0.546547) 165742 492871 2
(2.22045e-16 0.19948 0.389272 0.411247) 165741 492868 1
(2.22045e-16 0.538135 0.25587 0.205995) 165741 492868 1
(2.22045e-16 0.899844 0.0553495 0.0448067) 165741 492868 1
(2.22045e-16 0.0697768 0.721097 0.209126) 165640 492566 2
(2.22045e-16 0.135948 0.330666 0.533386) 165640 492566 2
(0 0.0649798 0.087684 0.847336) 165639 492563 1
(2.22045e-16 0.11966 0.339941 0.540399) 171639 492563 2
(2.22045e-16 0.0374572 0.809517 0.153026) 171639 492563 2
(1.11022e-16 0.22099 0.686362 0.092648) 165738 492859 1
(1.11022e-16 0.57575 0.155646 0.268604) 165738 492859 1
(0 0.512364 0.094341 0.393295) 165738 492859 2
(2.22045e-16 0.205515 0.0481962 0.746289) 165737 492856 1
(1.11022e-16 0.470589 0.488927 0.0404843) 165837 493155 1
(1.11022e-16 0.634417 0.3033 0.0622825) 165837 493155 2
(1.11022e-16 0.283543 0.119718 0.596739) 165837 493155 2
(1.11022e-16 0.0184413 0.893986 0.0875728) 165936 493451 1
(1.11022e-16 0.108997 0.417924 0.473079) 165936 493451 1
(0 0.133106 0.849477 0.017417) 165936 493451 2
(2.22045e-16 0.142363 0.594828 0.262809) 166036 493750 1
(2.22045e-16 0.0846454 0.260775 0.654579) 166036 493750 1
(0 0.963974 0.0217185 0.0143077) 166137 494052 2
(0 0.598866 0.175052 0.226083) 166137 494052 2
(0 0.255854 0.372936 0.37121) 166137 494052 2
(1.11022e-16 0.387749 0.552599 0.0596513) 166237 494351 1
(1.11022e-16 0.110779 0.546547 0.342675) 166237 494351 1
(0 0.411247 0.19948 0.389272) 166238 494354 2
(0 0.205995 0.538135 0.25587) 166238 494354 2
(0 0.0448067 0.899844 0.0553495) 166238 494354 2
(0 0.721097 0.209126 0.0697768) 166339 494656 1
(0 0.330666 0.533386 0.135948) 166339 494656 1
(1.11022e-16 0.847336 0.0649798 0.087684) 166340 494659 2
(1.11022e-16 0.540399 0.339941 0.11966) 166340 494659 1
(1.11022e-16 0.153026 0.809517 0.0374572) 166340 494659 1
(1.11022e-16 0.092648 0.22099 0.686362) 166241 494363 2
(1.11022e-16 0.268604 0.57575 0.155646) 166241 494363 2
(0 0.0308421 0.252142 0.717015) 166242 494366 2
(0 0.336523 0.606518 0.0569591) 166242 494366 2
(0 0.0802132 0.603996 0.315791) 166242 494366 1
(0 0.0684157 0.187009 0.744575) 166143 494070 2
(0 0.483085 0.40397 0.112945) 166143 494070 2
(0 0.432751 0.488926 0.0783231) 166143 494070 1
(0 0.32573 0.0515443 0.622725) 166043 493771 1
(0 0.276655 0.566038 0.157307) 166043 493771 1
(2.22045e-16 0.286299 0.0242936 0.689408) 165943 493472 1
(2.22045e-16 0.35451 0.419084 0.226407) 165943 493472 1
(2.22045e-16 0.224395 0.519787 0.255818) 165843 493173 2
(2.22045e-16 0.655886 0.338575 0.0055385) 165843 493173 2
(0 0.0612634 0.104712 0.834024) 165743 492874 2
(1.11022e-16 0.178114 0.256019 0.565867) 165742 492871 1
(1.11022e-16 0.505443 0.263172 0.231384) 165742 492871 1
(2.22045e-16 0.059435 0.127887 0.812678) 165642 492572 2
(0 0.272341 0.0296642 0.697995) 165641 492569 1
(1.11022e-16 0.492501 0.300185 0.207314) 165641 492569 2
(2.22045e-16 0.147794 0.480124 0.372082) 165640 492566 1
(2.22045e-16 0.609213 0.0969078 0.293879) 165640 492566 1
(0 0.0767943 0.649081 0.274125) 165639 492563 1
(0 0.543165 0.143706 0.313129) 165639 492563 1
(0 0.000969178 0.588753 0.410278) 165638 492560 1
(0 0.435961 0.557012 0.0070263) 165638 492560 2
(0 0.228014 0.137751 0.634236) 165638 492560 2
(2.22045e-16 0.252142 0.717015 0.0308421) 165737 492856 1
(2.22045e-16 0.606518 0.0569591 0.336523) 165737 492856 1
(2.22045e-16 0.315791 0.0802132 0.603996) 165737 492856 2
(0 0.187009 0.744575 0.0684157) 165836 493152 1
(0 0.40397 0.112945 0.483085) 165836 493152 1
(0 0.0783231 0.432751 0.488926) 165836 493152 2
(0 0.622725 0.32573 0.0515443) 165936 493451 2
(0 0.157307 0.276655 0.566038) 165936 493451 2
(2.22045e-16 0.689408 0.286299 0.0242936) 166036 493750 2
(2.22045e-16 0.226407 0.35451 0.419084) 166036 493750 2
(1.11022e-16 0.519787 0.255818 0.224395) 166136 494049 1
(1.11022e-16 0.338575 0.0055385 0.655886) 166136 494049 1
(0 0.104712 0.834024 0.0612634) 166236 494348 1
(1.11022e-16 0.565867 0.178114 0.256019) 166237 494351 2
(1.11022e-16 0.231384 0.505443 0.263172) 166237 494351 2
(0 0.127887 0.812678 0.059435) 166337 494650 1
(0 0.697995 0.272341 0.0296642) 166338 494653 2
(1.11022e-16 0.300185 0.492501 0.207314) 172338 494653 1
(0 0.372082 0.147794 0.480124) 166339 494656 2
(0 0.293879 0.609213 0.0969078) 166339 494656 2
(1.11022e-16 0.274125 0.0767943 0.649081) 166340 494659 2
(1.11022e-16 0.313129 0.543165 0.143706) 166340 494659 2
(0 0.410278 0.000969178 0.588753) 166341 494662 2
(0 0.557012 0.0070263 0.435961) 166341 494662 1
(0 0.137751 0.634236 0.228014) 166341 494662 1
(1.11022e-16 0.401374 0.172674 0.425951) 166342 494665 1
(0 0.926757 0.00752056 0.0657221) 166343 494668 2
(1.11022e-16 0.327933 0.368985 0.303082) 166243 494369 2
(1.11022e-16 0.322682 0.448567 0.228751) 166243 494369 1
(0 0.072342 0.177371 0.750287) 166143 494070 1
(1.11022e-16 0.755781 0.116056 0.128163) 166144 494073 2
(2.22045e-16 0.281471 0.239542 0.478987) 166044 493774 2
(2.22045e-16 0.703833 0.11466 0.181508) 166044 493774 1
(1.11022e-16 0.358376 0.28504 0.356584) 165944 493475 2
(1.11022e-16 0.793665 0.0989425 0.107392) 165944 493475 1
(0 0.412763 0.061293 0.525944) 165844 493176 2
(0 0.147798 0.76284 0.0893622) 165843 493173 1
(0 0.378381 0.58236 0.039259) 165743 492874 2
(0 0.743978 0.0646374 0.191385) 165743 492874 1
(2.22045e-16 0.121666 0.0728909 0.805444) 165642 492572 1
(2.22045e-16 0.530117 0.455254 0.0146288) 165642 492572 2
(0 0.00654756 0.803459 0.189994) 165641 492569 1
(0 0.029809 0.500213 0.469978) 165541 492270 2
(1.11022e-16 0.0166855 0.169374 0.813941) 165540 492267 1
(1.11022e-16 0.276293 0.450908 0.272799) 165540 492267 2
(0 0.0886088 0.210478 0.700913) 165539 492264 1
(0 0.254082 0.373271 0.372647) 165539 492264 2
(1.11022e-16 0.141987 0.845036 0.0129773) 165538 492261 2
(0 0.664986 0.299585 0.0354291) 165638 492560 1
(1.11022e-16 0.148749 0.575882 0.275369) 165637 492557 1
(1.11022e-16 0.425951 0.401374 0.172674) 165637 492557 2
(0 0.00752056 0.0657221 0.926757) 165636 492554 1
(1.11022e-16 0.368985 0.303082 0.327933) 165736 492853 1
(1.11022e-16 0.228751 0.322682 0.448567) 165736 492853 2
(0 0.750287 0.072342 0.177371) 165836 493152 2
(1.11022e-16 0.116056 0.128163 0.755781) 165835 493149 1
(0 0.239542 0.478987 0.281471) 165935 493448 1
(2.22045e-16 0.181508 0.703833 0.11466) 165935 493448 2
(1.11022e-16 0.28504 0.356584 0.358376) 166035 493747 1
(1.11022e-16 0.107392 0.793665 0.0989425) 166035 493747 2
(0 0.061293 0.525944 0.412763) 166135 494046 1
(0 0.0893622 0.147798 0.76284) 166136 494049 2
(0 0.58236 0.039259 0.378381) 166236 494348 1
(0 0.191385 0.743978 0.0646374) 166236 494348 2
(0 0.805444 0.121666 0.0728909) 166337 494650 2
(0 0.455254 0.0146288 0.530117) 166337 494650 1
(0 0.189994 0.00654756 0.803459) 166338 494653 2
(0 0.500213 0.469978 0.029809) 166438 494952 1
(0 0.813941 0.0166855 0.169374) 166439 494955 2
(0 0.450908 0.272799 0.276293) 166439 494955 1
(0 0.700913 0.0886088 0.210478) 166440 494958 2
(0 0.373271 0.372647 0.254082) 166440 494958 1
(0 0.845036 0.0129773 0.141987) 166441 494961 1
(0 0.0354291 0.664986 0.299585) 166341 494662 2
(1.11022e-16 0.275369 0.148749 0.575882) 166342 494665 2
(1.11022e-16 0.0548906 0.0623644 0.882745) 166342 494665 1
(0 0.516992 0.408523 0.074485) 166343 494668 2
(0 0.181817 0.78984 0.0283425) 166343 494668 1
(0 0.474082 0.167627 0.358291) 166244 494372 2
(1.11022e-16 0.0163419 0.451346 0.532312) 166144 494073 2
(1.11022e-16 0.335136 0.254749 0.410115) 166144 494073 1
(2.22045e-16 0.185667 0.804814 0.00951899) 166044 493774 2
(2.22045e-16 0.13101 0.663281 0.205709) 166044 493774 1
(1.11022e-16 0.143621 0.262538 0.593841) 165944 493475 1
(0 0.0116222 0.767179 0.221198) 165844 493176 2
(0 0.397201 0.20393 0.398869) 165844 493176 1
(0 0.16539 0.365829 0.468781) 165744 492877 2
(0 0.695498 0.0600082 0.244493) 165744 492877 2
(1.11022e-16 0.183097 0.690158 0.126744) 165643 492575 2
(1.11022e-16 0.620497 0.262112 0.11739) 165643 492575 2
(1.11022e-16 0.000799649 0.782621 0.216579) 165542 492273 2
(1.11022e-16 0.318007 0.259246 0.422747) 165542 492273 2
(0 0.299759 0.267358 0.432883) 165541 492270 1
(0 0.744201 0.114423 0.141376) 165541 492270 2
(1.11022e-16 0.488971 0.357495 0.153535) 165540 492267 1
(0 0.100423 0.771875 0.127701) 165539 492264 1
(0 0.710292 0.111 0.178707) 165539 492264 1
(1.11022e-16 0.30896 0.385292 0.305748) 165538 492261 1
(1.11022e-16 0.49318 0.113016 0.393804) 165538 492261 2
(2.22045e-16 0.221248 0.564751 0.214001) 165537 492258 2
(1.11022e-16 0.882745 0.0548906 0.0623644) 165637 492557 2
(0 0.408523 0.074485 0.516992) 165636 492554 1
(0 0.0283425 0.181817 0.78984) 165636 492554 2
(0 0.167627 0.358291 0.474082) 165735 492850 1
(1.11022e-16 0.451346 0.532312 0.0163419) 165835 493149 1
(1.11022e-16 0.410115 0.335136 0.254749) 165835 493149 2
(0 0.804814 0.00951899 0.185667) 165935 493448 1
(2.22045e-16 0.205709 0.13101 0.663281) 165935 493448 2
(1.11022e-16 0.593841 0.143621 0.262538) 166035 493747 2
(0 0.767179 0.221198 0.0116222) 166135 494046 1
(2.22045e-16 0.398869 0.397201 0.20393) 166135 494046 2
(0 0.365829 0.468781 0.16539) 166235 494345 1
(0 0.0600082 0.244493 0.695498) 166235 494345 1
(1.11022e-16 0.690158 0.126744 0.183097) 166336 494647 1
(1.11022e-16 0.262112 0.11739 0.620497) 166336 494647 1
(1.11022e-16 0.782621 0.216579 0.000799649) 166437 494949 1
(1.11022e-16 0.259246 0.422747 0.318007) 166437 494949 1
(0 0.432883 0.299759 0.267358) 166438 494952 2
(0 0.114423 0.141376 0.744201) 166438 494952 1
(0 0.153535 0.488971 0.357495) 166439 494955 2
(0 0.127701 0.100423 0.771875) 166440 494958 2
(0 0.178707 0.710292 0.111) 166440 494958 2
(0 0.305748 0.30896 0.385292) 166441 494961 2
(0 0.113016 0.393804 0.49318) 166441 494961 1
(0 0.564751 0.214001 0.221248) 166442 494964 1
(1.11022e-16 0.660462 0.291593 0.0479457) 166443 494967 2
(0 0.107226 0.809526 0.0832479) 166343 494668 2
(1.11022e-16 0.615382 0.267381 0.117237) 166344 494671 2
(0 0.176915 0.657936 0.165148) 166244 494372 2
(0 0.0249666 0.758004 0.21703) 166244 494372 1
(0 0.423989 0.213671 0.362339) 166145 494076 2
(1.11022e-16 0.0898629 0.370086 0.540051) 166045 493777 2
(1.11022e-16 0.558188 0.211902 0.22991) 166045 493777 1
(2.22045e-16 0.453943 0.427717 0.11834) 165945 493478 2
(1.11022e-16 0.130637 0.328024 0.541339) 165845 493179 2
(1.11022e-16 0.7895 0.144304 0.0661958) 165845 493179 2
(1.11022e-16 0.120544 0.299598 0.579859) 165744 492877 1
(0 0.0126158 0.537656 0.449728) 165644 492578 2
(0 0.55758 0.124295 0.318126) 165644 492578 2
(0 0.0464381 0.64589 0.307672) 165543 492276 2
(0 0.471482 0.109988 0.41853) 165543 492276 2
(1.11022e-16 0.47496 0.351048 0.173992) 165542 492273 1
(0 0.0997301 0.00469465 0.895575) 165441 491971 1
(0 0.302342 0.245532 0.452127) 165441 491971 2
(0 0.416638 0.571151 0.0122116) 165440 491968 2
(1.11022e-16 0.112238 0.333272 0.55449) 165439 491965 1
(1.11022e-16 0.388504 0.206144 0.405353) 165439 491965 2
(0 0.246517 0.537045 0.216438) 165438 491962 2
(1.11022e-16 0.0217898 0.891018 0.0871923) 165437 491959 2
(2.22045e-16 0.717866 0.278251 0.00388334) 165537 492258 2
(1.11022e-16 0.291593 0.0479457 0.660462) 165536 492255 1
(0 0.809526 0.0832479 0.107226) 165636 492554 1
(0 0.267381 0.117237 0.615382) 165635 492551 1
(0 0.657936 0.165148 0.176915) 165735 492850 1
(2.22045e-16 0.21703 0.0249666 0.758004) 165735 492850 2
(2.22045e-16 0.213671 0.362339 0.423989) 165834 493146 1
(1.11022e-16 0.370086 0.540051 0.0898629) 165934 493445 1
(1.11022e-16 0.22991 0.558188 0.211902) 165934 493445 2
(0 0.427717 0.11834 0.453943) 166034 493744 1
(1.11022e-16 0.328024 0.541339 0.130637) 166134 494043 1
(1.11022e-16 0.144304 0.0661958 0.7895) 166134 494043 1
(1.11022e-16 0.579859 0.120544 0.299598) 166235 494345 2
(0 0.537656 0.449728 0.0126158) 166335 494644 1
(0 0.124295 0.318126 0.55758) 166335 494644 1
(0 0.64589 0.307672 0.0464381) 166436 494946 1
(0 0.109988 0.41853 0.471482) 166436 494946 1
(1.11022e-16 0.173992 0.47496 0.351048) 166437 494949 2
(1.11022e-16 0.895575 0.0997301 0.00469465) 166538 495251 2
(1.11022e-16 0.245532 0.452127 0.302342) 166538 495251 1
(2.22045e-16 0.571151 0.0122116 0.416638) 166539 495254 1
(1.11022e-16 0.55449 0.112238 0.333272) 166540 495257 2
(1.11022e-16 0.206144 0.405353 0.388504) 166540 495257 1
(2.22045e-16 0.537045 0.216438 0.246517) 166541 495260 1
(1.11022e-16 0.891018 0.0871923 0.0217898) 166542 495263 1
(0 0.278251 0.00388334 0.717866) 166442 494964 1
(1.11022e-16 0.203668 0.638076 0.158256) 166443 494967 2
(0 0.69746 0.210529 0.0920109) 166444 494970 2
(1.11022e-16 0.259106 0.716579 0.0243149) 166344 494671 2
(0 0.851755 0.0279938 0.120252) 166345 494674 1
(0 0.501279 0.04832 0.450401) 166245 494375 1
(2.22045e-16 0.237521 0.0205723 0.741907) 166145 494076 1
(2.22045e-16 0.0646413 0.929418 0.00594097) 166145 494076 1
(0 0.745889 0.0146344 0.239477) 166046 493780 2
(0 0.000944172 0.500782 0.498274) 165945 493478 1
(0 0.111131 0.13852 0.750349) 165845 493179 1
(0 0.31419 0.663678 0.0221319) 165845 493179 1
(0 0.606917 0.0679763 0.325107) 165745 492880 1
(1.11022e-16 0.329733 0.0153043 0.654963) 165645 492581 2
(0 0.441569 0.490492 0.0679384) 165644 492578 1
(1.11022e-16 0.472379 0.0296683 0.497953) 165544 492279 2
(0 0.562645 0.37952 0.0578357) 165543 492276 1
(0 0.209167 0.124842 0.665991) 165442 491974 1
(0 0.641733 0.100298 0.257969) 165442 491974 2
(0 0.62336 0.237123 0.139517) 165441 491971 1
(0 0.368728 0.618082 0.0131898) 165440 491968 1
(0 0.0187217 0.875948 0.105331) 165339 491666 2
(1.11022e-16 0.87742 0.0782944 0.0442856) 165439 491965 1
(0 0.61695 0.181832 0.201218) 165438 491962 1
(1.11022e-16 0.33098 0.219419 0.449601) 165437 491959 1
(0 0.00824917 0.206234 0.785517) 165436 491956 1
(1.11022e-16 0.638076 0.158256 0.203668) 165536 492255 1
(0 0.210529 0.0920109 0.69746) 165535 492252 1
(0 0.716579 0.0243149 0.259106) 165635 492551 1
(0 0.120252 0.851755 0.0279938) 165634 492548 2
(0 0.450401 0.501279 0.04832) 165734 492847 2
(2.22045e-16 0.741907 0.237521 0.0205723) 165834 493146 2
(2.22045e-16 0.00594097 0.0646413 0.929418) 165834 493146 2
(0 0.0146344 0.239477 0.745889) 165933 493442 1
(0 0.498274 0.000944172 0.500782) 166034 493744 2
(1.11022e-16 0.750349 0.111131 0.13852) 166134 494043 2
(1.11022e-16 0.0221319 0.31419 0.663678) 166134 494043 2
(0 0.325107 0.606917 0.0679763) 166234 494342 2
(1.11022e-16 0.0153043 0.654963 0.329733) 166334 494641 1
(0 0.0679384 0.441569 0.490492) 166335 494644 2
(0 0.0296683 0.497953 0.472379) 166435 494943 1
(0 0.0578357 0.562645 0.37952) 166436 494946 2
(0 0.665991 0.209167 0.124842) 166537 495248 2
(2.22045e-16 0.100298 0.257969 0.641733) 166537 495248 1
(1.11022e-16 0.139517 0.62336 0.237123) 166538 495251 2
(2.22045e-16 0.0131898 0.368728 0.618082) 166539 495254 2
(2.22045e-16 0.875948 0.105331 0.0187217) 166640 495556 1
(1.11022e-16 0.0442856 0.87742 0.0782944) 166540 495257 2
(0 0.201218 0.61695 0.181832) 166541 495260 2
(1.11022e-16 0.449601 0.33098 0.219419) 166542 495263 2
(0 0.785517 0.00824917 0.206234) 166543 495266 2
(0 0.0154402 0.731434 0.253126) 166543 495266 1
(0 0.287695 0.611532 0.100774) 166444 494970 2
(0 0.834223 0.0686074 0.0971692) 166445 494973 1
(0 0.361446 0.221136 0.417418) 166345 494674 1
(0 0.316227 0.0224089 0.661364) 166246 494378 2
(1.11022e-16 0.0921976 0.311286 0.596516) 166146 494079 2
(1.11022e-16 0.499369 0.398886 0.101745) 166146 494079 1
(0 0.412543 0.309145 0.278312) 166046 493780 1
(1.11022e-16 0.429606 0.119904 0.45049) 165946 493481 1
(2.22045e-16 0.368665 0.449713 0.181621) 165846 493182 2
(1.11022e-16 0.166236 0.227316 0.606448) 165746 492883 2
(0 0.0932897 0.836355 0.0703553) 165745 492880 1
(0 0.507048 0.139803 0.353149) 165645 492581 1
(1.11022e-16 0.00743287 0.299111 0.693456) 165544 492279 1
(1.11022e-16 0.586554 0.311766 0.10168) 165544 492279 1
(0 0.235277 0.177569 0.587153) 165443 491977 1
(0 0.84201 0.0566271 0.101363) 165443 491977 2
(1.11022e-16 0.17904 0.300327 0.520633) 165342 491675 2
(0 0.418624 0.507749 0.0736269) 165341 491672 2
(1.11022e-16 0.308607 0.248375 0.443017) 165340 491669 1
(0 0.135867 0.456066 0.408067) 165339 491666 1
(0 0.522925 0.0390162 0.438058) 165339 491666 2
(1.11022e-16 0.351047 0.229055 0.419899) 165338 491663 2
(0 0.0790087 0.447022 0.47397) 165337 491660 2
(0 0.294749 0.416352 0.288899) 165436 491956 1
(0 0.253126 0.0154402 0.731434) 165436 491956 2
(0 0.611532 0.100774 0.287695) 165535 492252 1
(1.11022e-16 0.0971692 0.834223 0.0686074) 165534 492249 2
(0 0.417418 0.361446 0.221136) 165634 492548 2
(2.22045e-16 0.0224089 0.661364 0.316227) 165733 492844 1
(0 0.311286 0.596516 0.0921976) 165833 493143 1
(1.11022e-16 0.101745 0.499369 0.398886) 165833 493143 2
(2.22045e-16 0.278312 0.412543 0.309145) 165933 493442 2
(0 0.45049 0.429606 0.119904) 166033 493741 2
(2.22045e-16 0.449713 0.181621 0.368665) 166133 494040 1
(1.11022e-16 0.227316 0.606448 0.166236) 166233 494339 1
(0 0.0703553 0.0932897 0.836355) 166234 494342 2
(1.11022e-16 0.353149 0.507048 0.139803) 166334 494641 2
(0 0.693456 0.00743287 0.299111) 166435 494943 2
(0 0.10168 0.586554 0.311766) 166435 494943 2
(1.11022e-16 0.587153 0.235277 0.177569) 166536 495245 2
(1.11022e-16 0.0566271 0.101363 0.84201) 166536 495245 1
(1.11022e-16 0.300327 0.520633 0.17904) 166637 495547 1
(0 0.507749 0.0736269 0.418624) 166638 495550 1
(1.11022e-16 0.443017 0.308607 0.248375) 166639 495553 2
(2.22045e-16 0.408067 0.135867 0.456066) 166640 495556 2
(2.22045e-16 0.0390162 0.438058 0.522925) 166640 495556 1
(0 0.229055 0.419899 0.351047) 166641 495559 1
(0 0.447022 0.47397 0.0790087) 166642 495562 1
(0 0.288899 0.294749 0.416352) 166543 495266 2
(1.11022e-16 0.290081 0.331043 0.378876) 166544 495269 2
(0 0.877929 0.0125343 0.109537) 166545 495272 2
(0 0.385025 0.16153 0.453445) 166445 494973 1
(0 0.285415 0.128864 0.585722) 166346 494677 2
(0 0.0828557 0.546097 0.371048) 166246 494378 2
(0 0.139906 0.786396 0.0736982) 166246 494378 1
(0 0.802451 0.0659032 0.131646) 166147 494082 2
(2.22045e-16 0.697487 0.142234 0.160279) 172047 493783 2
(0 0.597293 0.141733 0.260974) 165947 493484 2
(1.11022e-16 0.48768 0.0105578 0.501762) 165847 493185 2
(1.11022e-16 0.231178 0.123427 0.645395) 165746 492883 1
(0 0.184396 0.420337 0.395266) 165646 492584 2
(0 0.0293997 0.934568 0.0360319) 165645 492581 1
(0 0.573297 0.107729 0.318974) 165545 492282 1
(2.22045e-16 0.202776 0.121485 0.675739) 165444 491980 1
(2.22045e-16 0.883529 0.0920898 0.0243813) 165444 491980 2
(0 0.35001 0.322421 0.327569) 165343 491678 2
(1.11022e-16 0.499645 0.216703 0.283652) 165342 491675 1
(0 0.361143 0.615623 0.0232345) 165341 491672 1
(2.22045e-16 0.127155 0.751514 0.121331) 165240 491370 2
(1.11022e-16 0.147681 0.0174636 0.834855) 165239 491367 1
(0 0.0445476 0.0455886 0.909864) 165238 491364 1
(1.11022e-16 0.903312 0.0750593 0.0216289) 165338 491663 2
(0 0.607618 0.225024 0.167358) 165337 491660 2
(1.11022e-16 0.207718 0.418751 0.373531) 165336 491657 2
(1.11022e-16 0.331043 0.378876 0.290081) 165435 491953 1
(0 0.0125343 0.109537 0.877929) 165434 491950 1
(1.11022e-16 0.453445 0.385025 0.16153) 165534 492249 2
(0 0.128864 0.585722 0.285415) 165633 492545 1
(2.22045e-16 0.546097 0.371048 0.0828557) 165733 492844 1
(2.22045e-16 0.0736982 0.139906 0.786396) 165733 492844 2
(0 0.0659032 0.131646 0.802451) 165832 493140 1
(1.11022e-16 0.160279 0.142234 0.697487) 165932 493439 1
(0 0.141733 0.260974 0.597293) 166032 493738 1
(1.11022e-16 0.0105578 0.501762 0.48768) 166132 494037 1
(1.11022e-16 0.645395 0.231178 0.123427) 166233 494339 2
(0 0.420337 0.395266 0.184396) 166333 494638 1
(1.11022e-16 0.0360319 0.0293997 0.934568) 166334 494641 2
(2.22045e-16 0.318974 0.573297 0.107729) 166434 494940 2
(2.22045e-16 0.675739 0.202776 0.121485) 166535 495242 2
(0 0.0920898 0.0243813 0.883529) 166535 495242 1
(2.22045e-16 0.322421 0.327569 0.35001) 166636 495544 1
(1.11022e-16 0.283652 0.499645 0.216703) 166637 495547 2
(0 0.0232345 0.361143 0.615623) 166638 495550 2
(0 0.751514 0.121331 0.127155) 166739 495852 1
(2.22045e-16 0.834855 0.147681 0.0174636) 166740 495855 2
(0 0.909864 0.0445476 0.0455886) 166741 495858 2
(0 0.0750593 0.0216289 0.903312) 166641 495559 1
(0 0.225024 0.167358 0.607618) 166642 495562 1
(0 0.418751 0.373531 0.207718) 166643 495565 1
(2.22045e-16 0.322473 0.510814 0.166713) 166644 495568 1
(0 0.468163 0.413537 0.1183) 166545 495272 2
(0 0.19028 0.0641726 0.745548) 166446 494976 2
(0 0.380827 0.607421 0.011752) 166446 494976 1
(0 0.849484 0.0697843 0.0807315) 166347 494680 2
(0 0.591099 0.169307 0.239594) 166247 494381 1
(0 0.368825 0.337823 0.293353) 166147 494082 1
(0 0.266899 0.406387 0.326714) 166047 493783 1
(0 0.286928 0.358148 0.354923) 165947 493484 1
(1.11022e-16 0.428598 0.178097 0.393306) 165847 493185 1
(2.22045e-16 0.542973 0.310327 0.146699) 165747 492886 2
(0 0.0660357 0.373112 0.560852) 165646 492584 1
(1.11022e-16 0.281086 0.448248 0.270666) 165546 492285 2
(1.11022e-16 0.0555077 0.86084 0.0836526) 165445 491983 2
(1.11022e-16 0.750202 0.181002 0.0687964) 165445 491983 2
(0 0.354211 0.419457 0.226332) 165344 491681 2
(0 0.411786 0.446226 0.141989) 165343 491678 1
(0 0.253656 0.700384 0.0459602) 165242 491376 2
(1.11022e-16 0.230034 0.304873 0.465093) 165241 491373 1
(2.22045e-16 0.188365 0.508962 0.302673) 165240 491370 1
(1.11022e-16 0.159496 0.578861 0.261644) 165239 491367 1
(0 0.128111 0.529236 0.342653) 165238 491364 1
(1.11022e-16 0.078936 0.376641 0.544423) 165237 491361 1
(1.11022e-16 0.136228 0.0030255 0.860747) 165237 491361 2
(1.11022e-16 0.704336 0.132251 0.163413) 165336 491657 2
(0 0.166713 0.322473 0.510814) 165335 491654 2
(0 0.413537 0.1183 0.468163) 165434 491950 1
(0 0.0641726 0.745548 0.19028) 165533 492246 1
(0 0.011752 0.380827 0.607421) 165533 492246 2
(2.22045e-16 0.0697843 0.0807315 0.849484) 165632 492542 1
(0 0.239594 0.591099 0.169307) 165732 492841 2
(0 0.293353 0.368825 0.337823) 165832 493140 2
(1.11022e-16 0.326714 0.266899 0.406387) 165932 493439 2
(0 0.354923 0.286928 0.358148) 166032 493738 2
(0 0.393306 0.428598 0.178097) 166132 494037 2
(0 0.310327 0.146699 0.542973) 166232 494336 1
(0 0.560852 0.0660357 0.373112) 166333 494638 2
(0 0.448248 0.270666 0.281086) 166433 494937 1
(1.11022e-16 0.86084 0.0836526 0.0555077) 166534 495239 1
(1.11022e-16 0.181002 0.0687964 0.750202) 166534 495239 1
(1.11022e-16 0.419457 0.226332 0.354211) 166635 495541 1
(2.22045e-16 0.141989 0.411786 0.446226) 166636 495544 2
(2.22045e-16 0.700384 0.0459602 0.253656) 166737 495846 1
(0 0.465093 0.230034 0.304873) 166738 495849 2
(0 0.302673 0.188365 0.508962) 166739 495852 2
(2.22045e-16 0.261644 0.159496 0.578861) 166740 495855 2
(0 0.342653 0.128111 0.529236) 166741 495858 2
(0 0.544423 0.078936 0.376641) 166742 495861 2
(1.11022e-16 0.0030255 0.136228 0.860747) 172742 495861 1
(0 0.132251 0.163413 0.704336) 166643 495565 1
(2.22045e-16 0.376494 0.599496 0.0240101) 172645 495571 2
(0 0.0583976 0.81454 0.127063) 166545 495272 2
(1.11022e-16 0.486629 0.347375 0.165996) 166546 495275 1
(0 0.691081 0.109482 0.199437) 166447 494979 2
(0 0.406528 0.209585 0.383887) 166347 494680 1
(0 0.0422912 0.552219 0.40549) 166247 494381 1
(1.11022e-16 0.610843 0.196448 0.192709) 166148 494085 2
(0 0.649085 0.305924 0.0449916) 166048 493786 2
(1.11022e-16 0.69286 0.28441 0.0227296) 165948 493487 2
(0 0.725709 0.132247 0.142044) 165848 493188 2
(0 0.148167 0.583175 0.268658) 165747 492886 1
(1.11022e-16 0.552409 0.141491 0.3061) 165647 492587 1
(1.11022e-16 0.0741036 0.524099 0.401797) 165546 492285 1
(0 0.42999 0.294976 0.275034) 165446 491986 2
(0 0.176142 0.56478 0.259078) 165345 491684 2
(1.11022e-16 0.253176 0.175106 0.571718) 171344 491681 1
(0 0.145992 0.22002 0.633988) 165243 491379 1
(0 0.0995881 0.691376 0.209036) 165242 491376 1
(2.22045e-16 0.093048 0.901075 0.00587736) 165141 491074 2
(1.11022e-16 0.128244 0.7325 0.139256) 171140 491071 1
(0 0.17131 0.140258 0.688432) 165139 491068 1
(0 0.211675 0.0128828 0.775442) 165138 491065 1
(2.22045e-16 0.00784173 0.767069 0.22509) 165137 491062 2
(2.22045e-16 0.218973 0.445864 0.335163) 165236 491358 1
(2.22045e-16 0.154249 0.0467044 0.799047) 165235 491355 1
(1.11022e-16 0.0240101 0.599496 0.376494) 165334 491651 1
(0 0.81454 0.127063 0.0583976) 165434 491950 1
(0 0.165996 0.486629 0.347375) 165433 491947 2
(1.11022e-16 0.109482 0.199437 0.691081) 165532 492243 1
(2.22045e-16 0.383887 0.406528 0.209585) 165632 492542 2
(0 0.40549 0.0422912 0.552219) 165732 492841 2
(0 0.196448 0.192709 0.610843) 165831 493137 1
(0 0.305924 0.0449916 0.649085) 165931 493436 1
(0 0.28441 0.0227296 0.69286) 166031 493735 1
(2.22045e-16 0.132247 0.142044 0.725709) 166131 494034 1
(0 0.268658 0.148167 0.583175) 166232 494336 2
(1.11022e-16 0.3061 0.552409 0.141491) 166332 494635 2
(2.22045e-16 0.401797 0.524099 0.0741036) 172433 494937 2
(2.22045e-16 0.294976 0.275034 0.42999) 166533 495236 1
(0 0.56478 0.259078 0.176142) 166634 495538 1
(1.11022e-16 0.175106 0.253176 0.571718) 166635 495541 2
(1.11022e-16 0.633988 0.145992 0.22002) 166736 495843 2
(2.22045e-16 0.209036 0.0995881 0.691376) 166737 495846 2
(0 0.901075 0.00587736 0.093048) 166838 496148 1
(0 0.7325 0.128244 0.139256) 166839 496151 2
(2.22045e-16 0.688432 0.17131 0.140258) 166840 496154 2
(1.11022e-16 0.775442 0.211675 0.0128828) 166841 496157 2
(0 0.767069 0.22509 0.00784173) 166842 496160 1
(0 0.335163 0.218973 0.445864) 166743 495864 2
(0 0.799047 0.154249 0.0467044) 166744 495867 2
(0 0.629506 0.290194 0.0802997) 166745 495870 1
(0 0.648632 0.215542 0.135826) 166646 495574 2
(1.11022e-16 0.0374314 0.440297 0.522272) 166546 495275 1
(0 0.393914 0.599791 0.0062948) 166447 494979 2
(0 0.382741 0.11716 0.500099) 166348 494683 2
(0 0.428614 0.506516 0.0648695) 166248 494384 2
(1.11022e-16 0.23828 0.276759 0.48496) 166148 494085 1
(0 0.121254 0.50363 0.375116) 166048 493786 1
(1.11022e-16 0.144251 0.596393 0.259357) 165948 493487 1
(0 0.306908 0.537815 0.155277) 165848 493188 1
(1.11022e-16 0.606661 0.313049 0.08029) 165748 492889 1
(1.11022e-16 0.0387818 0.90987 0.0513485) 165647 492587 1
(0 0.596456 0.318865 0.0846796) 165547 492288 1
(0 0.270888 0.533584 0.195528) 165446 491986 1
(0 0.0514421 0.550641 0.397917) 165345 491684 1
(0 0.295576 0.0741913 0.630233) 165245 491385 2
(2.22045e-16 0.874013 0.119802 0.00618544) 165244 491382 2
(0 0.328272 0.10044 0.571288) 165143 491080 2
(0 0.651189 0.0321832 0.316628) 165142 491077 2
(1.11022e-16 0.0681227 0.162328 0.769549) 171140 491071 1
(0 0.183125 0.701655 0.11522) 165139 491068 1
(0 0.295239 0.49653 0.208231) 165138 491065 1
(2.22045e-16 0.386927 0.17318 0.439893) 165137 491062 1
(1.11022e-16 0.193446 0.559029 0.247524) 165136 491059 2
(2.22045e-16 0.440749 0.256822 0.302429) 165235 491355 1
(0 0.0802997 0.629506 0.290194) 165234 491352 2
(0 0.215542 0.135826 0.648632) 165333 491648 1
(0 0.522272 0.0374314 0.440297) 165433 491947 2
(1.11022e-16 0.599791 0.0062948 0.393914) 165532 492243 1
(1.11022e-16 0.11716 0.500099 0.382741) 165631 492539 1
(2.22045e-16 0.506516 0.0648695 0.428614) 165731 492838 1
(1.11022e-16 0.48496 0.276759 0.23828) 171831 493137 2
(0 0.375116 0.121254 0.50363) 165931 493436 2
(2.22045e-16 0.259357 0.596393 0.144251) 172031 493735 2
(0 0.155277 0.306908 0.537815) 166131 494034 2
(1.11022e-16 0.08029 0.606661 0.313049) 166231 494333 2
(1.11022e-16 0.0513485 0.0387818 0.90987) 166332 494635 2
(0 0.0846796 0.596456 0.318865) 166432 494934 2
(2.22045e-16 0.195528 0.270888 0.533584) 166533 495236 2
(0 0.397917 0.0514421 0.550641) 166634 495538 2
(0 0.0741913 0.630233 0.295576) 166734 495837 1
(0 0.119802 0.00618544 0.874013) 166735 495840 1
(2.22045e-16 0.10044 0.571288 0.328272) 166836 496142 1
(1.11022e-16 0.0321832 0.316628 0.651189) 166837 496145 1
(0 0.162328 0.0681227 0.769549) 166839 496151 2
(2.22045e-16 0.11522 0.183125 0.701655) 166840 496154 2
(1.11022e-16 0.208231 0.295239 0.49653) 166841 496157 2
(0 0.439893 0.386927 0.17318) 166842 496160 2
(1.11022e-16 0.559029 0.247524 0.193446) 166843 496163 1
(0 0.302429 0.440749 0.256822) 166744 495867 2
(0 0.283023 0.179884 0.537093) 166745 495870 1
(0 0.238866 0.616545 0.144589) 166646 495574 2
(0 0.121453 0.411767 0.466781) 166547 495278 2
(2.22045e-16 0.0967476 0.0900999 0.813153) 166448 494982 2
(0 0.14937 0.640847 0.209783) 166348 494683 2
(2.22045e-16 0.262718 0.681958 0.0553238) 172249 494387 2
(0 0.419236 0.326992 0.253772) 166149 494088 2
(1.11022e-16 0.548432 0.0522509 0.399317) 166049 493789 1
(0 0.572912 0.215515 0.211573) 165949 493490 1
(0 0.746064 0.217674 0.0362627) 165849 493191 1
(2.22045e-16 0.0651554 0.042923 0.891922) 165648 492590 1
(1.11022e-16 0.203403 0.474845 0.321752) 165548 492291 2
(0 0.118808 0.11363 0.767562) 165447 491989 1
(2.22045e-16 0.178954 0.163248 0.657798) 165347 491690 2
(0 0.0280241 0.332336 0.63964) 165246 491388 2
(0 0.598441 0.167817 0.233742) 165245 491385 1
(0 0.382014 0.385595 0.232391) 165144 491083 2
(0 0.699531 0.166049 0.13442) 165143 491080 1
(0 0.209331 0.163292 0.627378) 165042 490778 2
(1.11022e-16 0.00800158 0.592155 0.399843) 171040 490772 1
(0 0.194939 0.263052 0.542009) 165039 490769 1
(0 0.35898 0.621197 0.019823) 165038 490766 2
(0 0.112372 0.459078 0.42855) 165037 490763 2
(1.11022e-16 0.662969 0.0590871 0.277944) 165136 491059 1
(0 0.194188 0.272751 0.533061) 165135 491056 2
(0 0.537093 0.283023 0.179884) 165234 491352 2
(0 0.616545 0.144589 0.238866) 165333 491648 1
(2.22045e-16 0.411767 0.466781 0.121453) 165432 491944 1
(0 0.0900999 0.813153 0.0967476) 165531 492240 1
(1.11022e-16 0.640847 0.209783 0.14937) 165631 492539 1
(2.22045e-16 0.0553238 0.681958 0.262718) 165730 492835 1
(0 0.326992 0.253772 0.419236) 165830 493134 1
(0 0.399317 0.548432 0.0522509) 165930 493433 2
(2.22045e-16 0.211573 0.215515 0.572912) 172030 493732 2
(0 0.0362627 0.746064 0.217674) 166130 494031 2
(0 0.891922 0.0651554 0.042923) 166331 494632 2
(1.11022e-16 0.474845 0.321752 0.203403) 166431 494931 1
(1.11022e-16 0.767562 0.118808 0.11363) 166532 495233 2
(0 0.163248 0.657798 0.178954) 166632 495532 1
(0 0.332336 0.63964 0.0280241) 166733 495834 1
(0 0.233742 0.598441 0.167817) 166734 495837 2
(1.11022e-16 0.385595 0.232391 0.382014) 166835 496139 1
(2.22045e-16 0.13442 0.699531 0.166049) 166836 496142 2
(0 0.163292 0.627378 0.209331) 166937 496444 1
(0 0.592155 0.00800158 0.399843) 166939 496450 2
(1.11022e-16 0.542009 0.194939 0.263052) 166940 496453 2
(2.22045e-16 0.621197 0.019823 0.35898) 166941 496456 1
(1.11022e-16 0.459078 0.42855 0.112372) 166942 496459 1
(0 0.277944 0.662969 0.0590871) 166843 496163 2
(0 0.272751 0.533061 0.194188) 166844 496166 1
(1.11022e-16 0.00611329 0.0634605 0.930426) 166746 495873 2
(0 0.829101 0.017548 0.153351) 166747 495876 2
(0 0.139035 0.626142 0.234823) 166647 495577 1
(1.11022e-16 0.419591 0.200419 0.37999) 172548 495281 1
(1.11022e-16 0.835465 0.0805333 0.084002) 166449 494985 1
(2.22045e-16 0.0968225 0.299046 0.604131) 172249 494387 2
(2.22045e-16 0.107736 0.215696 0.676568) 166149 494088 1
(0 0.00157362 0.834637 0.16379) 165949 493490 1
(0 0.0827517 0.814781 0.102467) 165749 492892 2
(2.22045e-16 0.296447 0.227203 0.47635) 171649 492593 2
(1.11022e-16 0.0115278 0.446627 0.541845) 165548 492291 1
(0 0.549555 0.35884 0.0916042) 165448 491992 2
(0 0.402615 0.150821 0.446564) 165347 491690 1
(0 0.283886 0.170079 0.546035) 165246 491388 1
(0 0.23694 0.728926 0.0341338) 165145 491086 2
(1.11022e-16 0.348611 0.541404 0.109985) 165144 491083 1
(0 0.402888 0.500497 0.0966151) 165043 490781 2
(1.11022e-16 0.7056 0.232528 0.0618722) 171042 490778 1
(0 0.94788 0.0301365 0.021983) 165041 490775 1
(1.11022e-16 0.0312029 0.793246 0.175551) 164939 490470 2
(1.11022e-16 0.462367 0.463824 0.0738093) 165038 490766 1
(0 0.664637 0.305083 0.0302804) 165037 490763 2
(1.11022e-16 0.250665 0.115033 0.634302) 165036 490760 2
(0 0.0137486 0.677057 0.309194) 165134 491053 1
(0 0.0634605 0.930426 0.00611329) 165233 491349 1
(0 0.017548 0.153351 0.829101) 165232 491346 1
(1.11022e-16 0.234823 0.139035 0.626142) 165332 491645 2
(2.22045e-16 0.200419 0.37999 0.419591) 171431 491941 2
(0 0.084002 0.835465 0.0805333) 165530 492237 2
(2.22045e-16 0.604131 0.299046 0.0968225) 165730 492835 1
(1.11022e-16 0.676568 0.215696 0.107736) 171830 493134 2
(1.11022e-16 0.0243907 0.399128 0.576481) 165929 493430 1
(2.22045e-16 0.16379 0.834637 0.00157362) 172030 493732 2
(1.11022e-16 0.814781 0.102467 0.0827517) 166230 494330 1
(0 0.47635 0.227203 0.296447) 166330 494629 1
(1.11022e-16 0.541845 0.0115278 0.446627) 166431 494931 2
(2.22045e-16 0.35884 0.0916042 0.549555) 166531 495230 1
(0 0.446564 0.402615 0.150821) 166632 495532 2
(0 0.546035 0.283886 0.170079) 166733 495834 2
(2.22045e-16 0.728926 0.0341338 0.23694) 166834 496136 1
(0 0.109985 0.348611 0.541404) 166835 496139 2
(1.11022e-16 0.500497 0.0966151 0.402888) 166936 496441 1
(0 0.232528 0.7056 0.0618722) 166937 496444 2
(0 0.021983 0.94788 0.0301365) 166938 496447 2
(1.11022e-16 0.793246 0.175551 0.0312029) 167040 496752 1
(2.22045e-16 0.0738093 0.462367 0.463824) 166941 496456 2
(1.11022e-16 0.305083 0.0302804 0.664637) 166942 496459 1
(0 0.115033 0.634302 0.250665) 166943 496462 1
(2.22045e-16 0.309194 0.677057 0.0137486) 172845 496169 2
(2.22045e-16 0.54932 0.409944 0.0407363) 166846 496172 2
(0 0.419335 0.418551 0.162114) 166747 495876 2
(2.22045e-16 0.408902 0.310162 0.280936) 166648 495580 2
(0 0.502414 0.070718 0.426868) 166549 495284 2
(1.11022e-16 0.311777 0.370849 0.317373) 166449 494985 1
(0 0.497901 0.215006 0.287093) 165549 492294 1
(0 0.163512 0.703161 0.133327) 165448 491992 1
(2.22045e-16 0.927918 0.031521 0.040561) 165348 491693 2
(0 0.879906 0.0998917 0.0202025) 165247 491391 2
(1.11022e-16 0.707623 0.0562929 0.236084) 165146 491089 2
(1.11022e-16 0.0828173 0.315198 0.601985) 165044 490784 1
(0 0.299474 0.640721 0.0598044) 165043 490781 1
(0 0.325613 0.425509 0.248878) 164942 490479 2
(0 0.548189 0.112241 0.33957) 164941 490476 2
(1.11022e-16 0.218568 0.385846 0.395586) 164939 490470 1
(0 0.493402 0.45407 0.0525289) 164938 490467 2
(1.11022e-16 0.216902 0.151088 0.632011) 164937 490464 2
(0 0.106965 0.67231 0.220725) 165035 490757 1
(0 0.187423 0.699751 0.112825) 165034 490754 2
(0 0.409944 0.0407363 0.54932) 165133 491050 1
(0 0.418551 0.162114 0.419335) 165232 491346 1
(0 0.310162 0.280936 0.408902) 165331 491642 1
(0 0.070718 0.426868 0.502414) 165430 491938 1
(0 0.317373 0.311777 0.370849) 165530 492237 2
(0 0.0690734 0.847061 0.0838654) 165629 492533 2
(0 0.457537 0.314835 0.227628) 165829 493131 1
(1.11022e-16 0.44772 0.402787 0.149493) 165929 493430 2
(0 0.116006 0.430235 0.453759) 166029 493729 2
(0 0.375625 0.422608 0.201766) 166229 494327 1
(1.11022e-16 0.0178561 0.484815 0.497329) 172329 494626 1
(1.11022e-16 0.287093 0.497901 0.215006) 166430 494928 2
(0 0.133327 0.163512 0.703161) 166531 495230 2
(0 0.031521 0.040561 0.927918) 166631 495529 1
(0 0.0998917 0.0202025 0.879906) 166732 495831 1
(0 0.0562929 0.236084 0.707623) 166833 496133 1
(0 0.601985 0.0828173 0.315198) 166935 496438 2
(1.11022e-16 0.0598044 0.299474 0.640721) 166936 496441 2
(2.22045e-16 0.425509 0.248878 0.325613) 167037 496743 1
(0 0.112241 0.33957 0.548189) 167038 496746 1
(1.11022e-16 0.395586 0.218568 0.385846) 167040 496752 2
(2.22045e-16 0.45407 0.0525289 0.493402) 167041 496755 1
(1.11022e-16 0.151088 0.632011 0.216902) 167042 496758 1
(1.11022e-16 0.220725 0.106965 0.67231) 166944 496465 2
(0 0.699751 0.112825 0.187423) 166945 496468 1
(2.22045e-16 0.0925262 0.756427 0.151046) 166846 496172 2
(0 0.00956923 0.819553 0.170877) 166747 495876 2
(2.22045e-16 0.0526261 0.75936 0.188013) 166648 495580 2
(0 0.205247 0.561027 0.233726) 166549 495284 2
(2.22045e-16 0.18379 0.314136 0.502073) 165349 491696 2
(2.22045e-16 0.3024 0.465657 0.231943) 165248 491394 2
(2.22045e-16 0.305847 0.48367 0.210484) 165147 491092 2
(1.11022e-16 0.178305 0.38366 0.438035) 165046 490790 2
(0 0.817024 0.0889925 0.0939838) 165045 490787 1
(0 0.099446 0.378057 0.522497) 164943 490482 1
(0 0.443382 0.440372 0.116246) 164942 490479 1
(2.22045e-16 0.118362 0.172362 0.709276) 164841 490177 2
(0 0.177626 0.769617 0.0527568) 164839 490171 2
(0 0.0606125 0.370506 0.568882) 164838 490168 2
(0 0.00290753 0.766259 0.230834) 164936 490461 1
(1.11022e-16 0.307884 0.671037 0.0210789) 164935 490458 2
(0 0.586748 0.0972921 0.315959) 165034 490754 1
(0 0.756427 0.151046 0.0925262) 165133 491050 1
(0 0.819553 0.170877 0.00956923) 165232 491346 1
(0 0.75936 0.188013 0.0526261) 165331 491642 1
(0 0.561027 0.233726 0.205247) 165430 491938 1
(1.11022e-16 0.211911 0.338834 0.449255) 165529 492234 1
(0 0.234969 0.298254 0.466777) 165629 492533 2
(1.11022e-16 0.022809 0.845367 0.131824) 165828 493128 1
(0 0.170035 0.301885 0.528079) 165928 493427 1
(2.22045e-16 0.0682228 0.0728809 0.858896) 172028 493726 2
(0 0.67922 0.0635299 0.257251) 166229 494327 2
(0 0.326816 0.440638 0.232545) 166329 494626 2
(0 0.0157262 0.0166155 0.967658) 166429 494925 1
(0 0.314136 0.502073 0.18379) 166630 495526 1
(2.22045e-16 0.465657 0.231943 0.3024) 166731 495828 1
(0 0.48367 0.210484 0.305847) 166832 496130 1
(0 0.38366 0.438035 0.178305) 166933 496432 1
(1.11022e-16 0.0939838 0.817024 0.0889925) 166934 496435 2
(1.11022e-16 0.522497 0.099446 0.378057) 167036 496740 2
(2.22045e-16 0.116246 0.443382 0.440372) 167037 496743 2
(0 0.172362 0.709276 0.118362) 167138 497045 1
(0 0.769617 0.0527568 0.177626) 167140 497051 1
(0 0.370506 0.568882 0.0606125) 167141 497054 1
(0 0.230834 0.00290753 0.766259) 167043 496761 2
(1.11022e-16 0.671037 0.0210789 0.307884) 167044 496764 1
(0 0.315959 0.586748 0.0972921) 166945 496468 2
(0 0.635733 0.102911 0.261356) 166947 496474 2
(2.22045e-16 0.599804 0.220556 0.17964) 166848 496178 2
(0 0.69635 0.208558 0.0950911) 166749 495882 2
(0 0.208215 0.292692 0.499092) 165349 491696 1
(2.22045e-16 0.100206 0.576676 0.323118) 165248 491394 1
(0 0.132552 0.599235 0.268213) 165147 491092 1
(1.11022e-16 0.288973 0.360015 0.351013) 165046 490790 1
(2.22045e-16 0.414017 0.137213 0.44877) 170945 490488 2
(0 0.0148113 0.100582 0.884606) 164844 490186 2
(1.11022e-16 0.312274 0.558105 0.129622) 170842 490180 1
(2.22045e-16 0.688534 0.232483 0.078983) 164841 490177 2
(0 0.242197 0.50864 0.249162) 164839 490171 1
(0 0.627823 0.286942 0.0852347) 164838 490168 2
(1.11022e-16 0.156903 0.164529 0.678569) 164836 490162 1
(1.11022e-16 0.550961 0.285532 0.163506) 164935 490458 1
(0 0.180658 0.126752 0.69259) 164934 490455 2
(1.11022e-16 0.102911 0.635733 0.261356) 171032 490748 1
(0 0.220556 0.17964 0.599804) 165131 491044 1
(0 0.208558 0.0950911 0.69635) 165230 491340 1
(1.11022e-16 0.0513362 0.0405834 0.90808) 165329 491636 1
(1.11022e-16 0.735598 0.0485182 0.215883) 165529 492234 1
(1.11022e-16 0.250554 0.150311 0.599135) 165628 492530 1
(1.11022e-16 0.588081 0.375899 0.03602) 165828 493128 1
(0 0.496122 0.257142 0.246736) 165928 493427 2
(2.22045e-16 0.0204393 0.692003 0.287558) 172028 493726 2
(1.11022e-16 0.497315 0.0628905 0.439795) 166228 494324 1
(0 0.100868 0.0375805 0.861552) 166328 494623 1
(1.11022e-16 0.529353 0.248237 0.22241) 166529 495224 1
(2.22045e-16 0.499092 0.292692 0.208215) 172630 495526 2
(2.22045e-16 0.323118 0.100206 0.576676) 166731 495828 2
(0 0.268213 0.132552 0.599235) 166832 496130 2
(0 0.351013 0.288973 0.360015) 166933 496432 2
(1.11022e-16 0.44877 0.137213 0.414017) 167034 496734 1
(2.22045e-16 0.100582 0.884606 0.0148113) 167135 497036 1
(2.22045e-16 0.558105 0.312274 0.129622) 167137 497042 2
(0 0.232483 0.078983 0.688534) 167138 497045 1
(0 0.249162 0.242197 0.50864) 167140 497051 2
(0 0.286942 0.0852347 0.627823) 167141 497054 1
(2.22045e-16 0.678569 0.156903 0.164529) 167143 497060 2
(1.11022e-16 0.163506 0.550961 0.285532) 167044 496764 2
(0 0.126752 0.69259 0.180658) 167045 496767 1
(0 0.178939 0.449394 0.371666) 166947 496474 2
(2.22045e-16 0.190038 0.621559 0.188403) 166848 496178 2
(0 0.340075 0.657756 0.0021687) 166749 495882 2
(0 0.0513641 0.33393 0.614706) 165149 491098 2
(0 0.157728 0.251226 0.591046) 165048 490796 2
(2.22045e-16 0.11967 0.841936 0.0383944) 170947 490494 2
(0 0.285436 0.636581 0.0779822) 164945 490488 1
(0 0.552119 0.300611 0.14727) 164844 490186 2
(0 3.67362e-05 0.818835 0.181128) 164742 489881 2
(1.11022e-16 0.258707 0.292604 0.448689) 164741 489878 2
(0 0.254012 0.0700373 0.675951) 164739 489872 1
(0 0.195034 0.203378 0.601588) 164738 489869 2
(1.11022e-16 0.310898 0.562798 0.126304) 164836 490162 1
(0 0.365103 0.227041 0.407856) 164835 490159 2
(0 0.159748 0.517527 0.322725) 164933 490452 1
(1.11022e-16 0.449394 0.178939 0.371666) 171032 490748 1
(0 0.621559 0.188403 0.190038) 165131 491044 1
(0 0.657756 0.0021687 0.340075) 165230 491340 1
(1.11022e-16 0.389086 0.458355 0.152559) 165329 491636 2
(1.11022e-16 0.0174881 0.740714 0.241798) 165428 491932 2
(1.11022e-16 0.566761 0.200639 0.2326) 165628 492530 2
(1.11022e-16 0.0597839 0.846646 0.0935696) 165727 492826 2
(0 0.31568 0.204643 0.479677) 165927 493424 1
(1.11022e-16 0.283781 0.688875 0.0273441) 166127 494022 1
(0 0.0581593 0.383031 0.558809) 166227 494321 1
(1.11022e-16 0.642373 0.307706 0.0499203) 166428 494922 1
(2.22045e-16 0.0429801 0.479858 0.477162) 166528 495221 1
(0 0.181975 0.730567 0.0874577) 166629 495523 2
(0 0.33393 0.614706 0.0513641) 166830 496124 1
(0 0.251226 0.591046 0.157728) 166931 496426 1
(1.11022e-16 0.0383944 0.841936 0.11967) 167032 496728 1
(1.11022e-16 0.0779822 0.285436 0.636581) 167034 496734 2
(2.22045e-16 0.300611 0.14727 0.552119) 167135 497036 1
(2.22045e-16 0.818835 0.181128 3.67362e-05) 167237 497341 1
(1.11022e-16 0.292604 0.258707 0.448689) 173238 497344 1
(1.11022e-16 0.675951 0.254012 0.0700373) 167240 497350 2
(2.22045e-16 0.203378 0.601588 0.195034) 167241 497353 1
(2.22045e-16 0.126304 0.310898 0.562798) 167143 497060 2
(0 0.227041 0.407856 0.365103) 167144 497063 1
(0 0.322725 0.159748 0.517527) 167046 496770 2
(0 0.204122 0.518023 0.277854) 167047 496773 1
(0 0.780272 0.0225617 0.197166) 166949 496480 2
(0 0.231934 0.193912 0.574154) 165149 491098 1
(1.11022e-16 0.364997 0.218673 0.416331) 165048 490796 1
(2.22045e-16 0.590352 0.0438864 0.365762) 170947 490494 2
(0 0.0196427 0.410376 0.569981) 164845 490189 1
(0 0.0894271 0.500639 0.409934) 164744 489887 2
(0 0.0500566 0.508121 0.441822) 164742 489881 1
(0 0.647275 0.181604 0.171121) 164741 489878 1
(0 0.265826 0.631434 0.102739) 164739 489872 1
(0 0.762245 0.119814 0.117941) 164738 489869 2
(0 0.425961 0.535107 0.038932) 164736 489863 2
(0 0.893713 0.0050425 0.101245) 164835 490159 2
(0 0.173893 0.553752 0.272355) 164833 490153 2
(2.22045e-16 0.277854 0.204122 0.518023) 164932 490449 2
(0 0.0225617 0.197166 0.780272) 165030 490742 1
(0 0.0162007 0.893046 0.0907537) 165129 491038 2
(0 0.0319544 0.654299 0.313747) 165328 491633 1
(1.11022e-16 0.25086 0.217026 0.532114) 165428 491932 2
(0 0.348169 0.384488 0.267343) 165627 492527 1
(1.11022e-16 0.155588 0.281374 0.563038) 165727 492826 2
(0 0.544524 0.111498 0.343979) 165927 493424 2
(1.11022e-16 0.85512 0.0697528 0.0751276) 166127 494022 1
(0 0.322176 0.380996 0.296828) 166227 494321 2
(2.22045e-16 0.183879 0.577832 0.238289) 166427 494919 1
(0 0.268087 0.443393 0.288521) 166528 495221 2
(1.11022e-16 0.747081 0.117777 0.135143) 166729 495822 1
(2.22045e-16 0.574154 0.193912 0.231934) 172830 496124 2
(0 0.416331 0.364997 0.218673) 166931 496426 2
(1.11022e-16 0.365762 0.0438864 0.590352) 167032 496728 1
(0 0.569981 0.0196427 0.410376) 167134 497033 2
(2.22045e-16 0.500639 0.409934 0.0894271) 167235 497335 1
(2.22045e-16 0.441822 0.0500566 0.508121) 167237 497341 2
(0 0.171121 0.647275 0.181604) 167238 497344 2
(1.11022e-16 0.102739 0.265826 0.631434) 167240 497350 2
(2.22045e-16 0.119814 0.117941 0.762245) 167241 497353 1
(0 0.535107 0.038932 0.425961) 167243 497359 1
(0 0.0050425 0.101245 0.893713) 167144 497063 1
(1.11022e-16 0.553752 0.272355 0.173893) 167146 497069 1
(1.11022e-16 0.265352 0.142361 0.592287) 167048 496776 2
(0 0.370507 0.423564 0.205929) 166949 496480 2
(1.11022e-16 0.00961005 0.0187814 0.971609) 164949 490500 2
(2.22045e-16 0.0610343 0.693129 0.245837) 164847 490195 2
(1.11022e-16 0.753849 0.18417 0.0619805) 164846 490192 1
(0 0.299332 0.327403 0.373265) 164744 489887 1
(0 0.116319 0.081052 0.802629) 164643 489585 2
(0 0.399051 0.412846 0.188102) 164641 489579 2
(0 0.277641 0.192831 0.529528) 164639 489573 1
(1.11022e-16 0.329456 0.0362505 0.634293) 164638 489570 2
(0 0.618889 0.359338 0.0217737) 164736 489863 1
(0 0.216956 0.205366 0.577678) 164734 489857 1
(0 0.67051 0.267252 0.0622377) 164833 490153 2
(0 0.142361 0.592287 0.265352) 164931 490446 1
(0 0.423564 0.205929 0.370507) 165030 490742 1
(0 0.372476 0.443848 0.183676) 165129 491038 2
(0 0.522263 0.461157 0.0165799) 165328 491633 1
(2.22045e-16 0.306662 0.17757 0.515769) 165427 491929 1
(0 0.896976 0.00157639 0.101447) 165627 492527 1
(2.22045e-16 0.251392 0.716102 0.0325063) 165726 492823 2
(0 0.461325 0.1074 0.431275) 165926 493421 1
(2.22045e-16 0.426458 0.450631 0.122911) 166126 494019 1
(0 0.179849 0.0233135 0.796838) 166226 494318 1
(2.22045e-16 0.573343 0.274615 0.152042) 166427 494919 2
(1.11022e-16 0.0133348 0.929766 0.0568993) 166527 495218 2
(2.22045e-16 0.224729 0.323011 0.45226) 166728 495819 1
(2.22045e-16 0.199672 0.797798 0.00253065) 166829 496121 2
(0 0.0187814 0.971609 0.00961005) 167030 496722 1
(1.11022e-16 0.693129 0.245837 0.0610343) 167132 497027 1
(0 0.0619805 0.753849 0.18417) 167133 497030 2
(0 0.373265 0.299332 0.327403) 167235 497335 2
(1.11022e-16 0.081052 0.116319 0.802629) 173336 497637 1
(1.11022e-16 0.412846 0.188102 0.399051) 167338 497643 1
(1.11022e-16 0.529528 0.277641 0.192831) 167340 497649 2
(0 0.0362505 0.634293 0.329456) 167341 497652 1
(0 0.0217737 0.618889 0.359338) 167243 497359 2
(0 0.577678 0.216956 0.205366) 167245 497365 2
(1.11022e-16 0.267252 0.0622377 0.67051) 167146 497069 1
(0 0.511155 0.297403 0.191441) 167148 497075 1
(0 0.175433 0.785308 0.0392592) 167049 496779 1
(1.11022e-16 0.435551 0.402559 0.16189) 164949 490500 2
(0 0.531717 0.020496 0.447787) 164848 490198 2
(0 0.44602 0.511945 0.042035) 164746 489893 2
(1.11022e-16 0.0993039 0.0647388 0.835957) 164644 489588 1
(0 0.67446 0.212161 0.113379) 164643 489585 2
(0 0.527033 0.442191 0.0307763) 164641 489579 1
(1.11022e-16 0.043684 0.710545 0.245771) 164539 489274 2
(2.22045e-16 0.0473133 0.849354 0.103333) 164637 489567 1
(1.11022e-16 0.530491 0.227116 0.242393) 164636 489564 2
(0 0.438954 0.511978 0.0490685) 164734 489857 1
(0 0.0192481 0.14788 0.832872) 164732 489851 1
(0 0.191441 0.511155 0.297403) 164831 490147 2
(2.22045e-16 0.0392592 0.785308 0.175433) 170930 490443 2
(0 0.00535032 0.723402 0.271248) 165128 491035 1
(2.22045e-16 0.0125725 0.268014 0.719413) 165227 491331 1
(2.22045e-16 0.717603 0.169651 0.112747) 165427 491929 2
(0 0.0644486 0.554216 0.381335) 165526 492225 2
(2.22045e-16 0.347196 0.15083 0.501975) 165726 492823 2
(1.11022e-16 0.034147 0.558779 0.407074) 165925 493418 1
(0 0.829306 0.00220307 0.168491) 166126 494019 2
(1.11022e-16 0.0841477 0.259307 0.656546) 166226 494318 2
(0 0.266891 0.118084 0.615025) 166426 494916 1
(0 0.583861 0.174722 0.241417) 166627 495517 1
(2.22045e-16 0.230623 0.297623 0.471754) 166728 495819 2
(1.11022e-16 0.636339 0.17481 0.188851) 172929 496420 1
(0 0.402559 0.16189 0.435551) 167030 496722 1
(2.22045e-16 0.020496 0.447787 0.531717) 167131 497024 1
(0 0.511945 0.042035 0.44602) 167233 497329 1
(0 0.835957 0.0993039 0.0647388) 167335 497634 2
(1.11022e-16 0.212161 0.67446 0.113379) 173336 497637 1
(1.11022e-16 0.0307763 0.527033 0.442191) 167338 497643 2
(1.11022e-16 0.710545 0.043684 0.245771) 173440 497948 1
(0 0.103333 0.0473133 0.849354) 167342 497655 2
(0 0.227116 0.242393 0.530491) 167343 497658 1
(0 0.0490685 0.438954 0.511978) 167245 497365 2
(2.22045e-16 0.832872 0.0192481 0.14788) 167247 497371 2
(0 0.164672 0.187093 0.648235) 167148 497075 1
(1.11022e-16 0.213663 0.647829 0.138508) 164949 490500 1
(0 0.00239895 0.347863 0.649738) 164748 489899 2
(0 0.222262 0.731759 0.0459789) 164746 489893 1
(0 0.701351 0.100724 0.197925) 164645 489591 2
(1.11022e-16 0.232602 0.343269 0.424129) 164543 489286 2
(0 0.466912 0.0724846 0.460604) 164541 489280 1
(1.11022e-16 0.30127 0.315626 0.383104) 164539 489274 1
(1.11022e-16 0.130877 0.333001 0.536122) 164537 489268 1
(2.22045e-16 0.0827561 0.0731209 0.844123) 164536 489265 2
(0 0.479541 0.339048 0.181411) 164634 489558 2
(0 0.305748 0.357997 0.336255) 164732 489851 1
(0 0.648235 0.164672 0.187093) 164831 490147 2
(0 0.22557 0.223455 0.550975) 164929 490440 1
(0 0.0850274 0.545452 0.369521) 165028 490736 2
(2.22045e-16 0.502882 0.0748721 0.422246) 165227 491331 1
(0 0.354037 0.596937 0.0490257) 165426 491926 1
(0 0.230344 0.00540868 0.764247) 165526 492225 2
(1.11022e-16 0.414443 0.028557 0.557) 165725 492820 1
(1.11022e-16 0.606969 0.0101577 0.382873) 165925 493418 1
(1.11022e-16 0.569136 0.212387 0.218478) 166125 494016 1
(2.22045e-16 0.301538 0.663595 0.0348667) 166325 494614 1
(1.11022e-16 0.196606 0.191604 0.61179) 166426 494916 2
(0 0.0974881 0.406343 0.496169) 166626 495514 1
(2.22045e-16 0.180025 0.73348 0.0864949) 166827 496115 1
(0 0.0704749 0.380233 0.549292) 166928 496417 1
(0 0.138508 0.213663 0.647829) 167030 496722 2
(0 0.347863 0.649738 0.00239895) 167231 497323 1
(0 0.0459789 0.222262 0.731759) 167233 497329 2
(1.11022e-16 0.100724 0.701351 0.197925) 173334 497631 1
(1.11022e-16 0.343269 0.424129 0.232602) 167436 497936 1
(0 0.460604 0.466912 0.0724846) 167438 497942 2
(2.22045e-16 0.383104 0.30127 0.315626) 167440 497948 2
(0 0.536122 0.130877 0.333001) 167442 497954 2
(0 0.0731209 0.844123 0.0827561) 167443 497957 1
(0 0.339048 0.181411 0.479541) 167345 497664 1
(2.22045e-16 0.336255 0.305748 0.357997) 167247 497371 2
(0 0.818188 0.0767832 0.105028) 167249 497377 1
(0 0.32477 0.148312 0.526919) 164748 489899 1
(2.22045e-16 0.462022 0.043532 0.494446) 164647 489597 2
(1.11022e-16 0.238659 0.300753 0.460589) 164545 489292 2
(0 0.525622 0.265121 0.209257) 164543 489286 1
(0 0.109569 0.59321 0.297222) 164441 488981 2
(0 0.190107 0.686916 0.122977) 164439 488975 2
(0 0.0310888 0.785559 0.183352) 164437 488969 2
(1.11022e-16 0.0808743 0.554147 0.364979) 164535 489262 1
(0 0.0081504 0.11705 0.8748) 164534 489259 2
(0 0.160363 0.407752 0.431885) 164632 489552 2
(1.11022e-16 0.105028 0.818188 0.0767832) 164730 489845 2
(0 0.626573 0.232218 0.141209) 164929 490440 1
(0 0.441303 0.0962537 0.462443) 165028 490736 2
(2.22045e-16 0.874921 0.0068093 0.11827) 165227 491331 2
(0 0.184346 0.122275 0.693379) 165326 491627 2
(1.11022e-16 0.39624 0.456601 0.147159) 165525 492222 2
(1.11022e-16 0.538803 0.0202852 0.440911) 165725 492820 2
(1.11022e-16 0.179792 0.358672 0.461536) 171924 493415 1
(1.11022e-16 0.140474 0.266261 0.593264) 172124 494013 1
(0 0.846119 0.137618 0.0162635) 166325 494614 2
(0 0.00823775 0.650098 0.341664) 166425 494913 2
(2.22045e-16 0.24908 0.362035 0.388885) 172626 495514 2
(2.22045e-16 0.596388 0.342327 0.061285) 166827 496115 2
(0 0.0762256 0.495389 0.428386) 166928 496417 2
(0 0.170115 0.542452 0.287433) 167129 497018 1
(0 0.526919 0.32477 0.148312) 167231 497323 2
(1.11022e-16 0.043532 0.494446 0.462022) 167332 497625 1
(0 0.300753 0.460589 0.238659) 167434 497930 1
(1.11022e-16 0.209257 0.525622 0.265121) 167436 497936 2
(0 0.59321 0.297222 0.109569) 167538 498241 1
(0 0.686916 0.122977 0.190107) 167540 498247 1
(0 0.785559 0.183352 0.0310888) 167542 498253 1
(1.11022e-16 0.364979 0.0808743 0.554147) 167444 497960 2
(2.22045e-16 0.11705 0.8748 0.0081504) 167445 497963 1
(0 0.407752 0.431885 0.160363) 167347 497670 1
(0 0.438178 0.528295 0.0335269) 167249 497377 2
(2.22045e-16 0.943764 0.0536389 0.00259754) 170749 489902 2
(0 0.690674 0.279348 0.0299772) 164647 489597 1
(1.11022e-16 0.499219 0.276748 0.224034) 164545 489292 1
(0 0.348884 0.605486 0.0456295) 164443 488987 2
(0 0.346669 0.333072 0.320259) 164441 488981 1
(0 0.324899 0.43842 0.236681) 164439 488975 1
(0 0.298005 0.300295 0.4017) 164437 488969 1
(0 0.187286 0.76513 0.0475836) 164435 488963 2
(0 0.104948 0.431812 0.46324) 164533 489256 1
(0 0.65698 0.121252 0.221768) 164632 489552 2
(1.11022e-16 0.528295 0.0335269 0.438178) 164730 489845 1
(0 0.0275754 0.240981 0.731444) 164828 490138 1
(1.11022e-16 0.352944 0.444634 0.202421) 165027 490733 1
(0 0.172087 0.5165 0.311412) 165126 491029 2
(1.11022e-16 0.401412 0.0163049 0.582283) 165325 491624 1
(2.22045e-16 0.0922063 0.437864 0.46993) 171524 492219 1
(0 0.544987 0.0896203 0.365393) 165724 492817 1
(0 0.665529 0.247386 0.0870849) 165924 493415 2
(0 0.685955 0.288187 0.0258577) 166124 494013 2
(0 0.423227 0.303877 0.272895) 166324 494611 1
(1.11022e-16 0.819869 0.108592 0.0715384) 166525 495212 2
(1.11022e-16 0.124742 0.869586 0.00567204) 166725 495810 1
(0 0.135321 0.14395 0.72073) 166826 496112 1
(0 0.701744 0.0612525 0.237004) 167028 496716 2
(0 0.286627 0.446107 0.267267) 167129 497018 2
(0 0.00259754 0.0536389 0.943764) 167230 497320 1
(1.11022e-16 0.0299772 0.690674 0.279348) 167332 497625 2
(0 0.224034 0.499219 0.276748) 167434 497930 2
(0 0.605486 0.0456295 0.348884) 167536 498235 1
(0 0.320259 0.346669 0.333072) 167538 498241 2
(0 0.236681 0.324899 0.43842) 167540 498247 2
(0 0.4017 0.298005 0.300295) 167542 498253 2
(1.11022e-16 0.76513 0.0475836 0.187286) 167544 498259 1
(0 0.46324 0.104948 0.431812) 167446 497966 2
(0 0.121252 0.221768 0.65698) 167347 497670 1
(0 0.125221 0.856163 0.0186155) 167349 497676 1
(0 0.414446 0.329965 0.255589) 164649 489603 2
(0 0.424881 0.0531429 0.521976) 164547 489298 1
(0 0.29919 0.014084 0.686726) 164445 488993 1
(0 0.263405 0.64362 0.0929746) 164443 488987 1
(1.11022e-16 0.249913 0.0366349 0.713452) 170341 488682 2
(1.11022e-16 0.33653 0.000183083 0.663287) 170339 488676 2
(0 0.165511 0.618431 0.216058) 164337 488670 2
(0 0.388865 0.350686 0.260449) 164435 488963 1
(0 0.0653693 0.673054 0.261577) 164433 488957 2
(2.22045e-16 0.153598 0.01165 0.834752) 170531 489250 2
(2.22045e-16 0.0186155 0.125221 0.856163) 164630 489546 2
(0 0.428578 0.249744 0.321678) 164828 490138 1
(2.22045e-16 0.153854 0.197858 0.648288) 164927 490434 2
(0 0.469254 0.0261911 0.504555) 165126 491029 2
(1.11022e-16 0.651089 0.0748998 0.274011) 165325 491624 2
(2.22045e-16 0.641014 0.271968 0.0870182) 171524 492219 1
(0 0.110259 0.620152 0.269589) 165723 492814 1
(1.11022e-16 0.325436 0.31027 0.364294) 171923 493412 1
(0 0.283152 0.35502 0.361828) 166123 494010 1
(0 0.60809 0.0159283 0.375982) 166324 494611 2
(0 0.432913 0.198588 0.368499) 166524 495209 1
(1.11022e-16 0.638369 0.101207 0.260424) 166725 495810 1
(0 0.612969 0.349184 0.0378473) 166926 496411 1
(1.11022e-16 0.327261 0.627116 0.0456223) 167027 496713 2
(0 0.860686 0.062329 0.0769854) 167229 497317 2
(0 0.329965 0.255589 0.414446) 167330 497619 1
(0 0.521976 0.424881 0.0531429) 167432 497924 2
(0 0.686726 0.29919 0.014084) 167534 498229 2
(0 0.0929746 0.263405 0.64362) 167536 498235 2
(0 0.713452 0.0366349 0.249913) 167638 498540 1
(2.22045e-16 0.663287 0.000183083 0.33653) 167640 498546 1
(0 0.618431 0.216058 0.165511) 167642 498552 1
(0 0.260449 0.388865 0.350686) 167544 498259 2
(1.11022e-16 0.673054 0.261577 0.0653693) 167546 498265 1
(0 0.834752 0.01165 0.153598) 167448 497972 1
(0 0.342668 0.54246 0.114872) 164649 489603 1
(0 0.159087 0.826937 0.0139756) 164547 489298 1
(0 0.0991619 0.75142 0.149418) 164445 488993 1
(0 0.132296 0.33287 0.534833) 164343 488688 1
(0 0.226427 0.593659 0.179914) 164341 488682 1
(0 0.348528 0.561214 0.0902581) 164339 488676 1
(0 0.465132 0.267589 0.267279) 164337 488670 1
(0 0.291816 0.45714 0.251044) 164335 488664 2
(0 0.548944 0.0450345 0.406021) 164433 488957 1
(0 0.451748 0.198468 0.349785) 164531 489250 1
(1.11022e-16 0.221262 0.254147 0.524591) 164629 489543 1
(1.11022e-16 0.0880876 0.170419 0.741493) 164728 489839 2
(0 0.25134 0.25879 0.48987) 164926 490431 1
(1.11022e-16 0.464118 0.302303 0.233579) 165125 491026 1
(0 0.448788 0.435672 0.11554) 165324 491621 1
(0 0.189821 0.704107 0.106072) 165523 492216 1
(0 0.675532 0.150684 0.173785) 165723 492814 1
(0 0.713931 0.101741 0.184327) 165923 493412 2
(0 0.590388 0.14551 0.264102) 166123 494010 2
(0 0.489076 0.455084 0.0558405) 166323 494608 2
(0 0.443133 0.0255808 0.531287) 166524 495209 2
(0 0.151996 0.332829 0.515175) 166724 495807 1
(1.11022e-16 0.0906167 0.354965 0.554419) 172925 496408 1
(1.11022e-16 0.80702 0.145759 0.0472206) 167127 497012 1
(0 0.321449 0.113296 0.565255) 167228 497314 1
(0 0.114872 0.342668 0.54246) 167330 497619 2
(0 0.0139756 0.159087 0.826937) 167432 497924 2
(0 0.149418 0.0991619 0.75142) 167534 498229 2
(1.11022e-16 0.534833 0.132296 0.33287) 167636 498534 2
(0 0.179914 0.226427 0.593659) 167638 498540 2
(2.22045e-16 0.0902581 0.348528 0.561214) 167640 498546 2
(0 0.267279 0.465132 0.267589) 167642 498552 2
(0 0.45714 0.251044 0.291816) 167644 498558 1
(1.11022e-16 0.406021 0.548944 0.0450345) 167546 498265 2
(0 0.349785 0.451748 0.198468) 167448 497972 2
(2.22045e-16 0.576481 0.399128 0.0243907) 172050 493792 2
(2.22045e-16 0.847061 0.0838654 0.0690734) 166350 494689 1
(2.22045e-16 0.227628 0.457537 0.314835) 166150 494091 2
(0 0.402787 0.149493 0.44772) 166050 493792 1
(2.22045e-16 0.430235 0.453759 0.116006) 165950 493493 1
(2.22045e-16 0.201766 0.375625 0.422608) 165750 492895 2
(0 0.484815 0.0178561 0.497329) 165650 492596 2
(0 0.449255 0.211911 0.338834) 166450 494988 2
(2.22045e-16 0.298254 0.466777 0.234969) 166350 494689 1
(0 0.131824 0.022809 0.845367) 166151 494094 2
(0 0.528079 0.170035 0.301885) 166051 493795 2
(0 0.858896 0.0728809 0.0682228) 165951 493496 1
(2.22045e-16 0.0635299 0.257251 0.67922) 165750 492895 1
(0 0.440638 0.232545 0.326816) 165650 492596 1
(2.22045e-16 0.967658 0.0157262 0.0166155) 165550 492297 2
(0 0.90808 0.0513362 0.0405834) 166650 495586 2
(0 0.215883 0.735598 0.0485182) 166450 494988 2
(2.22045e-16 0.599135 0.250554 0.150311) 166351 494692 2
(0 0.03602 0.588081 0.375899) 166151 494094 2
(0 0.257142 0.246736 0.496122) 166051 493795 1
(0 0.287558 0.692003 0.0204393) 165951 493496 1
(2.22045e-16 0.439795 0.497315 0.0628905) 165751 492898 2
(0 0.861552 0.100868 0.0375805) 165651 492599 2
(2.22045e-16 0.22241 0.248237 0.529353) 171450 491998 2
(0 0.458355 0.152559 0.389086) 166650 495586 1
(0 0.740714 0.241798 0.0174881) 166551 495290 1
(2.22045e-16 0.200639 0.2326 0.566761) 166351 494692 1
(1.11022e-16 0.846646 0.0935696 0.0597839) 166252 494396 1
(2.22045e-16 0.479677 0.204643 0.31568) 172052 493798 2
(0 0.0273441 0.283781 0.688875) 165852 493200 2
(2.22045e-16 0.558809 0.0581593 0.383031) 165752 492901 2
(2.22045e-16 0.0499203 0.642373 0.307706) 165551 492300 2
(0 0.477162 0.0429801 0.479858) 165451 492001 2
(2.22045e-16 0.730567 0.0874577 0.181975) 165350 491699 1
(1.11022e-16 0.893046 0.0907537 0.0162007) 166850 496184 1
(1.11022e-16 0.313747 0.0319544 0.654299) 166651 495589 2
(0 0.217026 0.532114 0.25086) 166551 495290 1
(0 0.267343 0.348169 0.384488) 166352 494695 2
(1.11022e-16 0.281374 0.563038 0.155588) 166252 494396 1
(0 0.111498 0.343979 0.544524) 166052 493798 1
(0 0.0751276 0.85512 0.0697528) 165852 493200 2
(2.22045e-16 0.380996 0.296828 0.322176) 165752 492901 1
(0 0.238289 0.183879 0.577832) 165552 492303 2
(0 0.443393 0.288521 0.268087) 165451 492001 1
(1.11022e-16 0.135143 0.747081 0.117777) 165250 491400 2
(1.11022e-16 0.443848 0.183676 0.372476) 166850 496184 1
(1.11022e-16 0.0165799 0.522263 0.461157) 166651 495589 2
(0 0.515769 0.306662 0.17757) 166552 495293 2
(0 0.101447 0.896976 0.00157639) 166352 494695 2
(0 0.716102 0.0325063 0.251392) 166253 494399 1
(0 0.431275 0.461325 0.1074) 166053 493801 2
(0 0.122911 0.426458 0.450631) 165853 493203 2
(2.22045e-16 0.796838 0.179849 0.0233135) 165753 492904 2
(0 0.274615 0.152042 0.573343) 165552 492303 1
(0 0.929766 0.0568993 0.0133348) 165452 492004 1
(0 0.45226 0.224729 0.323011) 165251 491403 2
(2.22045e-16 0.797798 0.00253065 0.199672) 165150 491101 1
(0 0.271248 0.00535032 0.723402) 166851 496187 2
(2.22045e-16 0.719413 0.0125725 0.268014) 166752 495891 2
(2.22045e-16 0.169651 0.112747 0.717603) 166552 495293 1
(1.11022e-16 0.554216 0.381335 0.0644486) 166453 494997 1
(0 0.15083 0.501975 0.347196) 166253 494399 1
(0 0.407074 0.034147 0.558779) 166054 493804 2
(0 0.00220307 0.168491 0.829306) 165853 493203 1
(2.22045e-16 0.259307 0.656546 0.0841477) 165753 492904 1
(0 0.615025 0.266891 0.118084) 165553 492306 2
(2.22045e-16 0.241417 0.583861 0.174722) 165352 491705 2
(0 0.297623 0.471754 0.230623) 165251 491403 1
(2.22045e-16 0.17481 0.636339 0.188851) 165050 490802 2
(2.22045e-16 0.550975 0.22557 0.223455) 167050 496782 2
(0 0.545452 0.369521 0.0850274) 166951 496486 1
(2.22045e-16 0.422246 0.502882 0.0748721) 166752 495891 2
(2.22045e-16 0.0490257 0.354037 0.596937) 166553 495296 2
(1.11022e-16 0.00540868 0.764247 0.230344) 166453 494997 1
(1.11022e-16 0.557 0.414443 0.028557) 166254 494402 2
(0 0.382873 0.606969 0.0101577) 166054 493804 2
(0 0.218478 0.569136 0.212387) 165854 493206 2
(1.11022e-16 0.0348667 0.301538 0.663595) 165654 492608 2
(0 0.191604 0.61179 0.196606) 165553 492306 1
(0 0.496169 0.0974881 0.406343) 165353 491708 2
(0 0.0864949 0.180025 0.73348) 165152 491107 2
(2.22045e-16 0.549292 0.0704749 0.380233) 165051 490805 2
(2.22045e-16 0.141209 0.626573 0.232218) 167050 496782 2
(0 0.0962537 0.462443 0.441303) 166951 496486 1
(2.22045e-16 0.0068093 0.11827 0.874921) 166752 495891 1
(0 0.122275 0.693379 0.184346) 166653 495595 1
(1.11022e-16 0.456601 0.147159 0.39624) 166454 495000 1
(1.11022e-16 0.0202852 0.440911 0.538803) 166254 494402 1
(0 0.358672 0.179792 0.461536) 166055 493807 2
(0 0.266261 0.140474 0.593264) 165855 493209 2
(0 0.137618 0.0162635 0.846119) 165654 492608 1
(2.22045e-16 0.650098 0.341664 0.00823775) 165554 492309 1
(0 0.388885 0.362035 0.24908) 165353 491708 1
(0 0.342327 0.061285 0.596388) 165152 491107 1
(0 0.495389 0.428386 0.0762256) 165051 490805 1
(2.22045e-16 0.287433 0.170115 0.542452) 164850 490204 2
(0 0.731444 0.0275754 0.240981) 167151 497084 2
(0 0.202421 0.352944 0.444634) 166952 496489 2
(1.11022e-16 0.5165 0.311412 0.172087) 166853 496193 1
(1.11022e-16 0.582283 0.401412 0.0163049) 166654 495598 2
(1.11022e-16 0.437864 0.0922063 0.46993) 166455 495003 2
(0 0.365393 0.544987 0.0896203) 166255 494405 2
(0 0.247386 0.0870849 0.665529) 166055 493807 1
(0 0.288187 0.0258577 0.685955) 165855 493209 1
(0 0.272895 0.423227 0.303877) 165655 492611 2
(0 0.108592 0.0715384 0.819869) 165454 492010 1
(1.11022e-16 0.00567204 0.124742 0.869586) 165254 491412 2
(0 0.72073 0.135321 0.14395) 165153 491110 2
(0 0.0612525 0.237004 0.701744) 164951 490506 1
(2.22045e-16 0.446107 0.267267 0.286627) 164850 490204 1
(0 0.321678 0.428578 0.249744) 167151 497084 2
(0 0.197858 0.648288 0.153854) 167052 496788 1
(1.11022e-16 0.0261911 0.504555 0.469254) 166853 496193 1
(0 0.0748998 0.274011 0.651089) 166654 495598 1
(1.11022e-16 0.271968 0.641014 0.0870182) 166455 495003 2
(1.11022e-16 0.269589 0.110259 0.620152) 166256 494408 2
(0 0.31027 0.325436 0.364294) 166056 493810 2
(1.11022e-16 0.361828 0.283152 0.35502) 165856 493212 2
(0 0.0159283 0.375982 0.60809) 165655 492611 1
(1.11022e-16 0.368499 0.432913 0.198588) 165455 492013 2
(1.11022e-16 0.260424 0.638369 0.101207) 165254 491412 2
(0 0.0378473 0.612969 0.349184) 165053 490811 2
(0 0.627116 0.0456223 0.327261) 164952 490509 1
(1.11022e-16 0.062329 0.0769854 0.860686) 164750 489905 1
(2.22045e-16 0.524591 0.221262 0.254147) 167350 497679 2
(1.11022e-16 0.170419 0.741493 0.0880876) 167251 497383 1
(2.22045e-16 0.48987 0.25134 0.25879) 167053 496791 2
(1.11022e-16 0.233579 0.464118 0.302303) 166854 496196 2
(1.11022e-16 0.11554 0.448788 0.435672) 166655 495601 2
(0 0.106072 0.189821 0.704107) 166456 495006 2
(1.11022e-16 0.173785 0.675532 0.150684) 166256 494408 2
(0 0.101741 0.184327 0.713931) 166056 493810 1
(1.11022e-16 0.14551 0.264102 0.590388) 165856 493212 1
(1.11022e-16 0.455084 0.0558405 0.489076) 165656 492614 1
(0 0.0255808 0.531287 0.443133) 165455 492013 1
(1.11022e-16 0.515175 0.151996 0.332829) 165255 491415 2
(0 0.354965 0.0906167 0.554419) 165054 490814 2
(0 0.0472206 0.80702 0.145759) 164852 490210 2
(1.11022e-16 0.565255 0.321449 0.113296) 164751 489908 2
)


// ************************************************************************* //
